200
0 0.528288 0.770883
1 0.565490 0.561346
2 0.481044 0.136860
3 0.159174 0.651296
4 0.833212 0.016551
5 0.752945 0.528476
6 0.464912 0.992780
7 0.287194 0.625461
8 0.085078 0.755189
9 0.981100 0.126378
10 0.120371 0.482163
11 0.095851 0.390110
12 0.482694 0.707322
13 0.078260 0.115831
14 0.665417 0.197107
15 0.259968 0.162659
16 0.045175 0.675541
17 0.292328 0.947881
18 0.099100 0.198090
19 0.408177 0.517178
20 0.486633 0.598584
21 0.419109 0.705452
22 0.590523 0.711519
23 0.080472 0.288308
24 0.163438 0.006599
25 0.086200 0.661956
26 0.184560 0.863217
27 0.491747 0.383202
28 0.894838 0.959629
29 0.805733 0.851448
30 0.339578 0.521016
31 0.707701 0.801336
32 0.659268 0.294837
33 0.346360 0.640696
34 0.144533 0.169482
35 0.806182 0.310012
36 0.433759 0.010604
37 0.861301 0.198099
38 0.317079 0.078889
39 0.603957 0.038176
40 0.748916 0.017464
41 0.611669 0.207796
42 0.791562 0.733861
43 0.756016 0.099189
44 0.738348 0.224280
45 0.893754 0.718504
46 0.329587 0.854612
47 0.970320 0.352081
48 0.949705 0.933648
49 0.019039 0.129978
50 0.455723 0.861202
51 0.180517 0.585315
52 0.053111 0.385912
53 0.060247 0.564914
54 0.725521 0.909272
55 0.239566 0.574733
56 0.981340 0.640675
57 0.836470 0.818624
58 0.557213 0.377672
59 0.502394 0.849941
60 0.095871 0.332677
61 0.734787 0.740653
62 0.939779 0.215557
63 0.837643 0.748449
64 0.394001 0.621881
65 0.000387 0.955880
66 0.164588 0.367336
67 0.081760 0.948586
68 0.929821 0.101157
69 0.212964 0.098647
70 0.018158 0.779348
71 0.141507 0.238412
72 0.954608 0.040018
73 0.952900 0.601558
74 0.367180 0.874532
75 0.128373 0.544955
76 0.813753 0.171600
77 0.369370 0.716152
78 0.325232 0.370766
79 0.486608 0.750826
80 0.448973 0.350758
81 0.262092 0.898622
82 0.547727 0.627028
83 0.685058 0.135875
84 0.659288 0.476637
85 0.552395 0.244613
86 0.586579 0.314585
87 0.581761 0.895018
88 0.530177 0.110593
89 0.598015 0.461522
90 0.517728 0.056418
91 0.523298 0.432533
92 0.439608 0.238756
93 0.865330 0.090582
94 0.752014 0.435870
95 0.967329 0.979454
96 0.306365 0.762242
97 0.659681 0.963528
98 0.480301 0.200401
99 0.985291 0.736790
100 0.949408 0.435731
101 0.987821 0.407887
102 0.173682 0.982382
103 0.495106 0.924365
104 0.611829 0.085522
105 0.004039 0.825615
106 0.092337 0.073284
107 0.253438 0.512410
108 0.531645 0.482223
109 0.942481 0.737295
110 0.659579 0.665751
111 0.093847 0.838395
112 0.021754 0.607613
113 0.415967 0.828300
114 0.242972 0.373253
115 0.716407 0.488353
116 0.328714 0.596124
117 0.567640 0.982157
118 0.756334 0.367599
119 0.649143 0.404381
120 0.386856 0.172981
121 0.078120 0.472241
122 0.248472 0.678304
123 0.973992 0.827480
124 0.161509 0.513666
125 0.713429 0.168276
126 0.160548 0.793227
127 0.280171 0.047940
128 0.280843 0.474298
129 0.415695 0.877361
130 0.823108 0.998147
131 0.553070 0.927191
132 0.874945 0.646920
133 0.750913 0.659268
134 0.611828 0.924967
135 0.072730 0.997005
136 0.254239 0.807341
137 0.494422 0.324853
138 0.338618 0.260284
139 0.028733 0.238745
140 0.620561 0.635923
141 0.440684 0.650310
142 0.578043 0.174351
143 0.607399 0.545907
144 0.649714 0.875197
145 0.766256 0.883108
146 0.255478 0.743983
147 0.979890 0.485108
148 0.533236 0.885112
149 0.602048 0.831702
150 0.667824 0.727442
151 0.841714 0.884176
152 0.827596 0.269473
153 0.401245 0.973168
154 0.033220 0.289795
155 0.815209 0.479187
156 0.896501 0.319266
157 0.703018 0.259116
158 0.484875 0.484742
159 0.446289 0.090278
160 0.363507 0.795966
161 0.341750 0.450937
162 0.945220 0.279282
163 0.133279 0.122921
164 0.767314 0.574259
165 0.273794 0.263030
166 0.644261 0.118447
167 0.878785 0.832882
168 0.168596 0.413907
169 0.210283 0.228172
170 0.876417 0.008169
171 0.746401 0.316617
172 0.102768 0.019107
173 0.819003 0.354291
174 0.345561 0.996982
175 0.349438 0.022638
176 0.199564 0.159802
177 0.225659 0.925029
178 0.404715 0.079333
179 0.819901 0.933443
180 0.713088 0.385642
181 0.246867 0.010647
182 0.876320 0.582877
183 0.510178 0.982908
184 0.807322 0.630024
185 0.919168 0.789945
186 0.876891 0.137132
187 0.805728 0.113621
188 0.573196 0.667681
189 0.646190 0.254305
190 0.382263 0.329797
191 0.374561 0.485357
192 0.895376 0.511593
193 0.273492 0.321670
194 0.232516 0.302954
195 0.043952 0.875584
196 0.765364 0.805208
197 0.892689 0.240418
198 0.368566 0.937429
199 0.165894 0.927993
600
0 12
0 22
0 59
0 79
0 149
1 20
1 82
1 89
1 108
1 140
1 143
1 188
2 88
2 90
2 98
2 120
2 142
2 159
2 178
3 25
3 51
3 122
4 40
4 93
4 170
4 187
5 84
5 94
5 115
5 155
5 164
6 103
6 117
6 153
6 183
7 33
7 55
7 64
7 116
7 122
8 16
8 25
8 70
8 105
8 111
8 126
9 62
9 68
9 72
9 186
10 11
10 53
10 75
10 121
10 124
10 168
11 23
11 52
11 60
11 66
11 121
11 168
12 20
12 21
12 22
12 79
12 82
12 141
12 188
13 18
13 34
13 49
13 106
13 163
13 172
14 32
14 41
14 44
14 83
14 125
14 142
14 157
14 166
14 189
15 38
15 69
15 165
15 169
15 176
16 25
16 70
16 112
17 46
17 74
17 81
17 174
17 177
17 198
18 23
18 34
18 49
18 71
18 139
18 163
18 176
19 30
19 64
19 158
19 161
19 191
20 64
20 82
20 141
21 33
21 64
21 77
21 79
21 141
21 160
22 82
22 110
22 140
22 150
22 188
23 52
23 60
23 71
23 139
23 154
24 69
24 106
24 172
24 181
25 53
25 112
26 81
26 111
26 126
26 136
26 177
26 199
27 58
27 80
27 91
27 108
27 137
27 158
28 48
28 95
28 130
28 151
28 179
29 54
29 57
29 63
29 145
29 151
29 167
29 179
29 196
30 107
30 116
30 128
30 161
30 191
31 42
31 54
31 61
31 144
31 145
31 150
31 196
32 41
32 44
32 86
32 157
32 171
32 180
32 189
33 64
33 77
33 116
33 122
33 141
34 69
34 71
34 106
34 163
34 169
34 176
35 44
35 118
35 152
35 156
35 171
35 173
36 90
36 159
36 175
36 178
37 62
37 76
37 93
37 152
37 186
37 187
37 197
38 69
38 127
38 175
38 178
38 181
39 88
39 90
39 104
39 166
40 43
41 83
41 85
41 86
41 125
41 142
41 157
41 166
41 189
42 45
42 57
42 61
42 63
42 133
42 184
42 196
43 76
43 83
43 93
43 125
43 187
44 76
44 83
44 125
44 152
44 157
44 171
44 189
45 63
45 99
45 109
45 132
45 185
46 74
46 81
46 96
46 113
46 129
46 136
46 160
46 198
47 100
47 101
47 156
47 162
48 95
48 123
49 106
49 139
50 59
50 74
50 103
50 113
50 129
50 148
51 55
51 75
51 107
51 124
52 60
52 121
52 154
53 75
53 112
53 121
54 97
54 144
54 145
54 179
55 107
55 116
55 122
55 124
55 128
56 73
56 99
56 109
56 132
57 63
57 145
57 151
57 167
57 185
57 196
58 86
58 89
58 91
58 108
58 119
58 137
59 79
59 87
59 103
59 113
59 129
59 131
59 148
59 149
60 66
60 71
60 154
60 168
61 63
61 110
61 133
61 150
61 196
62 162
62 186
62 197
63 109
63 132
63 167
63 185
63 196
64 77
64 116
64 141
65 67
65 135
65 195
66 114
66 168
66 194
67 102
67 135
67 195
67 199
68 72
68 93
68 170
68 186
69 127
69 163
69 176
69 181
70 105
70 111
70 195
71 169
71 176
72 93
72 170
73 132
73 182
73 192
74 81
74 113
74 129
74 153
74 160
74 198
75 121
75 124
76 93
76 125
76 152
76 186
76 187
76 197
77 96
77 141
77 160
78 114
78 161
78 190
78 193
79 113
80 137
80 190
81 136
81 177
81 199
82 140
82 141
82 143
82 188
83 104
83 125
83 166
84 89
84 94
84 115
84 119
84 143
84 180
85 86
85 98
85 137
85 142
85 189
86 119
86 137
86 189
87 97
87 103
87 117
87 131
87 134
87 144
87 148
87 149
88 90
88 98
88 104
88 142
88 159
89 91
89 108
89 119
89 143
90 104
90 159
91 108
91 158
92 98
92 120
92 137
92 138
92 190
93 170
93 186
93 187
94 115
94 118
94 119
94 155
94 173
94 180
96 122
96 136
96 146
96 160
97 117
97 134
97 144
98 120
98 142
99 109
99 123
99 185
100 101
100 147
100 192
101 147
102 135
102 177
102 199
103 117
103 129
103 131
103 148
103 153
103 183
104 142
104 166
105 111
105 195
106 163
106 172
107 124
107 128
107 161
108 143
108 158
109 123
109 185
110 133
110 140
110 150
110 188
111 126
111 195
113 129
113 160
114 128
114 168
114 193
114 194
115 119
115 155
115 164
115 180
117 131
117 134
117 148
117 183
118 171
118 173
118 180
119 180
120 138
120 159
120 178
121 124
121 168
122 146
123 167
123 185
124 168
125 157
125 166
125 187
125 189
126 136
126 146
127 175
127 181
128 161
128 191
129 153
129 160
129 198
130 179
131 134
131 148
131 149
131 183
132 182
132 184
133 150
133 164
133 184
134 144
134 148
134 149
136 146
138 165
138 190
138 193
139 154
140 143
140 150
140 188
142 166
142 189
144 149
145 151
145 179
145 196
147 192
148 149
148 183
151 167
151 179
152 156
152 171
152 173
152 197
153 174
153 183
153 198
155 164
155 192
156 162
156 173
156 197
157 171
157 189
159 178
161 191
162 197
163 172
163 176
164 182
164 184
165 169
165 193
165 194
167 185
169 176
169 194
171 173
171 180
174 198
175 178
175 181
177 199
182 184
182 192
186 187
186 197
190 193
193 194
