200
0 0.101063 0.703523
1 0.783384 0.881104
2 0.089267 0.123240
3 0.577222 0.874228
4 0.470399 0.502461
5 0.263275 0.434485
6 0.368672 0.363456
7 0.855670 0.437678
8 0.446599 0.456201
9 0.835952 0.703815
10 0.646905 0.389415
11 0.270844 0.772177
12 0.962544 0.540545
13 0.379906 0.457176
14 0.129500 0.389197
15 0.874707 0.182510
16 0.077809 0.939862
17 0.454299 0.856263
18 0.018944 0.036864
19 0.078482 0.559087
20 0.383332 0.283598
21 0.676483 0.611529
22 0.186034 0.025198
23 0.891057 0.036775
24 0.169142 0.257084
25 0.306642 0.041509
26 0.246169 0.381433
27 0.365102 0.900316
28 0.833704 0.547960
29 0.829307 0.899031
30 0.257363 0.259090
31 0.744431 0.827064
32 0.594364 0.517500
33 0.266400 0.635754
34 0.740858 0.290495
35 0.358746 0.981400
36 0.788847 0.732317
37 0.285171 0.366648
38 0.404485 0.366963
39 0.763032 0.935054
40 0.726457 0.570931
41 0.458706 0.418505
42 0.229659 0.289117
43 0.596516 0.702134
44 0.295504 0.916980
45 0.025361 0.003406
46 0.746079 0.248132
47 0.893733 0.500109
48 0.294011 0.539120
49 0.712984 0.864877
50 0.263501 0.472663
51 0.085166 0.799773
52 0.725342 0.382727
53 0.925301 0.189578
54 0.276264 0.695110
55 0.886085 0.262548
56 0.606004 0.608811
57 0.153883 0.339728
58 0.359110 0.228266
59 0.796842 0.007500
60 0.905143 0.598263
61 0.746105 0.480108
62 0.417098 0.137290
63 0.605332 0.416000
64 0.350241 0.165270
65 0.004263 0.605118
66 0.138816 0.753859
67 0.419865 0.233973
68 0.473197 0.060238
69 0.050427 0.285864
70 0.318793 0.393866
71 0.409964 0.518844
72 0.150097 0.673655
73 0.568241 0.733477
74 0.069684 0.470763
75 0.936993 0.353320
76 0.792270 0.955085
77 0.605708 0.728983
78 0.748651 0.068840
79 0.405518 0.472046
80 0.990836 0.538137
81 0.425635 0.338647
82 0.103493 0.165195
83 0.836772 0.778768
84 0.269419 0.887722
85 0.904038 0.913668
86 0.324434 0.607091
87 0.673619 0.970368
88 0.571417 0.681799
89 0.963805 0.040871
90 0.252256 0.119241
91 0.398094 0.754141
92 0.304568 0.664330
93 0.496825 0.909801
94 0.123789 0.214777
95 0.351162 0.091796
96 0.884265 0.958714
97 0.314411 0.449146
98 0.212212 0.252374
99 0.962996 0.156189
100 0.648933 0.533888
101 0.779344 0.392301
102 0.741337 0.218137
103 0.149532 0.197813
104 0.843562 0.258220
105 0.542227 0.716983
106 0.535060 0.118859
107 0.604121 0.061086
108 0.907335 0.704040
109 0.824611 0.189490
110 0.337577 0.061108
111 0.693202 0.369974
112 0.427483 0.823477
113 0.212147 0.831657
114 0.278313 0.857142
115 0.598998 0.363530
116 0.082561 0.391305
117 0.586973 0.336478
118 0.206896 0.900017
119 0.699363 0.463102
120 0.066350 0.512997
121 0.874567 0.874840
122 0.228374 0.149626
123 0.415280 0.062736
124 0.367709 0.134906
125 0.161642 0.088332
126 0.781205 0.128845
127 0.694592 0.947641
128 0.910530 0.638799
129 0.036118 0.911631
130 0.304811 0.081883
131 0.449494 0.884951
132 0.229963 0.099121
133 0.701740 0.296927
134 0.997305 0.376277
135 0.386024 0.714641
136 0.469458 0.306202
137 0.473015 0.706365
138 0.043851 0.622570
139 0.382667 0.166172
140 0.361683 0.573109
141 0.483822 0.857313
142 0.349609 0.703585
143 0.660047 0.657007
144 0.769197 0.021939
145 0.533901 0.653416
146 0.971650 0.608718
147 0.557464 0.908931
148 0.955398 0.308798
149 0.791018 0.651177
150 0.822363 0.310038
151 0.305016 0.821995
152 0.515753 0.771625
153 0.005206 0.114705
154 0.337421 0.492066
155 0.594820 0.650980
156 0.872018 0.750151
157 0.543378 0.574356
158 0.472150 0.131128
159 0.640983 0.498859
160 0.686510 0.148306
161 0.130962 0.261185
162 0.511342 0.023808
163 0.425650 0.268643
164 0.541677 0.221846
165 0.957094 0.832610
166 0.776053 0.241080
167 0.020513 0.504290
168 0.615736 0.482357
169 0.117919 0.107841
170 0.158064 0.582160
171 0.174850 0.853576
172 0.480728 0.249828
173 0.660009 0.835564
174 0.458644 0.353346
175 0.980969 0.014663
176 0.951091 0.748574
177 0.682653 0.319084
178 0.148102 0.715509
179 0.867892 0.366522
180 0.676383 0.116652
181 0.365793 0.678185
182 0.756621 0.528820
183 0.633802 0.849875
184 0.938872 0.410586
185 0.105558 0.963760
186 0.046415 0.963400
187 0.877284 0.661459
188 0.091423 0.759041
189 0.908352 0.804346
190 0.619000 0.338316
191 0.771001 0.567730
192 0.639559 0.931505
193 0.720670 0.654858
194 0.866807 0.224716
195 0.193180 0.734104
196 0.907410 0.070099
197 0.751033 0.735677
198 0.860261 0.936778
199 0.280806 0.179109
1500
0 19
0 51
0 65
0 66
0 72
0 138
0 170
0 171
0 178
0 188
0 195
1 29
1 31
1 36
1 39
1 49
1 76
1 83
1 85
1 87
1 96
1 121
1 127
1 156
1 173
1 183
1 189
1 192
1 197
1 198
2 18
2 22
2 24
2 45
2 69
2 82
2 90
2 94
2 103
2 122
2 125
2 132
2 153
2 161
2 169
3 17
3 49
3 73
3 77
3 87
3 93
3 105
3 112
3 127
3 131
3 141
3 147
3 152
3 173
3 183
3 192
4 8
4 13
4 32
4 38
4 41
4 63
4 71
4 79
4 97
4 140
4 145
4 154
4 157
4 168
4 174
5 6
5 13
5 14
5 26
5 37
5 38
5 42
5 48
5 50
5 57
5 70
5 79
5 97
5 154
6 8
6 13
6 20
6 26
6 30
6 37
6 38
6 41
6 42
6 50
6 58
6 67
6 70
6 71
6 79
6 81
6 97
6 136
6 154
6 163
6 172
6 174
7 12
7 28
7 47
7 52
7 61
7 75
7 101
7 119
7 134
7 148
7 150
7 179
7 182
7 184
7 191
8 13
8 32
8 38
8 41
8 63
8 70
8 71
8 79
8 81
8 97
8 136
8 140
8 154
8 157
8 174
9 28
9 31
9 36
9 60
9 83
9 108
9 128
9 146
9 149
9 156
9 176
9 187
9 189
9 191
9 193
9 197
10 32
10 34
10 52
10 61
10 63
10 100
10 101
10 111
10 115
10 117
10 119
10 133
10 159
10 168
10 177
10 190
11 27
11 33
11 44
11 54
11 66
11 72
11 84
11 91
11 92
11 112
11 113
11 114
11 118
11 135
11 142
11 151
11 171
11 178
11 181
11 195
12 28
12 47
12 60
12 80
12 128
12 134
12 146
12 184
12 187
13 26
13 37
13 38
13 41
13 48
13 50
13 70
13 71
13 79
13 81
13 86
13 97
13 140
13 154
13 174
14 24
14 26
14 37
14 42
14 50
14 57
14 69
14 74
14 98
14 116
14 120
14 161
14 167
15 23
15 46
15 53
15 55
15 89
15 99
15 102
15 104
15 109
15 126
15 148
15 150
15 166
15 194
15 196
16 51
16 118
16 129
16 171
16 185
16 186
17 27
17 35
17 73
17 91
17 93
17 105
17 112
17 131
17 135
17 137
17 141
17 147
17 151
17 152
18 22
18 45
18 82
18 125
18 153
18 169
19 65
19 72
19 74
19 116
19 120
19 138
19 167
19 170
20 30
20 37
20 38
20 41
20 42
20 58
20 62
20 64
20 67
20 70
20 81
20 124
20 136
20 139
20 163
20 172
20 174
20 199
21 32
21 36
21 40
21 43
21 56
21 61
21 73
21 77
21 88
21 100
21 119
21 143
21 145
21 149
21 155
21 157
21 159
21 168
21 182
21 191
21 193
21 197
22 25
22 45
22 82
22 90
22 110
22 122
22 125
22 130
22 132
22 169
23 53
23 59
23 78
23 89
23 99
23 109
23 126
23 144
23 175
23 196
24 26
24 30
24 37
24 42
24 57
24 69
24 82
24 90
24 94
24 98
24 103
24 116
24 122
24 161
24 169
24 199
25 62
25 64
25 68
25 90
25 95
25 110
25 122
25 123
25 124
25 125
25 130
25 132
25 139
25 199
26 30
26 37
26 38
26 42
26 48
26 50
26 57
26 70
26 97
26 98
26 116
26 154
26 161
27 35
27 44
27 84
27 91
27 93
27 112
27 113
27 114
27 118
27 131
27 141
27 151
28 40
28 47
28 60
28 61
28 80
28 101
28 119
28 128
28 146
28 149
28 182
28 187
28 191
28 193
29 31
29 39
29 49
29 76
29 83
29 85
29 96
29 121
29 127
29 156
29 165
29 189
29 198
30 37
30 42
30 57
30 58
30 64
30 67
30 70
30 90
30 94
30 98
30 103
30 122
30 124
30 132
30 139
30 161
30 199
31 36
31 39
31 49
31 76
31 83
31 87
31 121
31 127
31 156
31 173
31 183
31 189
31 192
31 197
31 198
32 40
32 41
32 56
32 61
32 63
32 88
32 100
32 115
32 119
32 143
32 145
32 155
32 157
32 159
32 168
32 182
33 48
33 50
33 54
33 72
33 86
33 92
33 135
33 140
33 142
33 154
33 170
33 178
33 181
33 195
34 46
34 52
34 55
34 101
34 102
34 104
34 109
34 111
34 115
34 117
34 126
34 133
34 150
34 160
34 166
34 177
34 179
34 190
34 194
35 44
35 84
35 93
35 114
35 131
36 49
36 83
36 108
36 121
36 128
36 143
36 149
36 156
36 173
36 176
36 187
36 189
36 191
36 193
36 197
37 38
37 42
37 50
37 57
37 58
37 70
37 79
37 81
37 97
37 98
37 154
38 41
38 58
38 67
38 70
38 71
38 79
38 81
38 97
38 136
38 154
38 163
38 172
38 174
39 49
39 76
39 85
39 87
39 96
39 121
39 127
39 173
39 183
39 192
39 198
40 56
40 61
40 100
40 119
40 143
40 149
40 155
40 159
40 168
40 182
40 191
40 193
40 197
41 63
41 70
41 71
41 79
41 81
41 97
41 115
41 117
41 136
41 154
41 163
41 174
42 57
42 58
42 70
42 94
42 98
42 103
42 122
42 161
42 199
43 56
43 73
43 77
43 88
43 105
43 137
43 143
43 145
43 152
43 155
43 157
43 173
43 183
43 193
43 197
44 84
44 112
44 113
44 114
44 118
44 131
44 151
44 171
45 125
45 153
45 169
46 52
46 55
46 101
46 102
46 104
46 109
46 111
46 126
46 133
46 150
46 160
46 166
46 177
46 180
46 190
46 194
47 60
47 61
47 75
47 80
47 101
47 128
47 134
47 146
47 179
47 182
47 184
47 187
47 191
48 50
48 54
48 70
48 71
48 79
48 86
48 92
48 97
48 140
48 154
48 170
48 181
49 76
49 83
49 87
49 121
49 127
49 147
49 173
49 183
49 192
49 197
49 198
50 70
50 71
50 79
50 86
50 97
50 140
50 154
50 170
51 66
51 72
51 113
51 118
51 129
51 171
51 178
51 185
51 188
51 195
52 61
52 63
52 101
52 102
52 111
52 115
52 117
52 119
52 133
52 150
52 159
52 166
52 168
52 177
52 179
52 182
52 190
53 55
53 75
53 89
53 99
53 104
53 109
53 126
53 148
53 150
53 166
53 194
53 196
54 66
54 72
54 86
54 91
54 92
54 113
54 114
54 135
54 140
54 142
54 151
54 170
54 178
54 181
54 195
55 75
55 99
55 101
55 102
55 104
55 109
55 134
55 148
55 150
55 166
55 179
55 184
55 194
56 73
56 77
56 88
56 100
56 105
56 137
56 143
56 145
56 155
56 157
56 159
56 168
56 193
57 69
57 74
57 94
57 98
57 103
57 116
57 161
58 62
58 64
58 67
58 81
58 90
58 95
58 98
58 122
58 124
58 130
58 136
58 139
58 158
58 163
58 172
58 174
58 199
59 78
59 126
59 144
59 180
59 196
60 80
60 108
60 128
60 146
60 149
60 156
60 176
60 182
60 187
60 191
61 63
61 100
61 101
61 111
61 119
61 159
61 168
61 179
61 182
61 191
62 64
62 67
62 68
62 90
62 95
62 106
62 110
62 123
62 124
62 130
62 139
62 158
62 162
62 163
62 164
62 172
62 199
63 100
63 111
63 115
63 117
63 119
63 133
63 159
63 168
63 174
63 177
63 190
64 67
64 68
64 90
64 95
64 98
64 110
64 122
64 123
64 124
64 130
64 132
64 139
64 158
64 163
64 172
64 199
65 72
65 74
65 120
65 138
65 167
65 170
66 72
66 113
66 118
66 138
66 171
66 178
66 188
66 195
67 81
67 95
67 106
67 124
67 136
67 139
67 158
67 163
67 164
67 172
67 174
67 199
68 95
68 106
68 107
68 110
68 123
68 124
68 139
68 158
68 162
69 82
69 94
69 98
69 103
69 116
69 161
70 71
70 79
70 81
70 97
70 154
70 163
70 174
71 79
71 86
71 97
71 140
71 154
71 157
71 181
72 92
72 138
72 170
72 178
72 188
72 195
73 77
73 88
73 105
73 112
73 137
73 141
73 143
73 145
73 152
73 155
73 157
73 173
73 183
74 116
74 120
74 138
74 167
74 170
75 101
75 104
75 134
75 148
75 150
75 179
75 184
75 194
76 85
76 87
76 96
76 121
76 127
76 192
76 198
77 88
77 105
77 137
77 143
77 145
77 152
77 155
77 157
77 173
77 183
77 193
77 197
78 102
78 107
78 109
78 126
78 144
78 160
78 180
78 196
79 81
79 86
79 97
79 140
79 154
79 174
80 128
80 134
80 146
80 184
80 187
81 97
81 117
81 136
81 163
81 164
81 172
81 174
82 90
82 94
82 98
82 103
82 122
82 125
82 132
82 153
82 161
82 169
83 85
83 108
83 121
83 128
83 149
83 156
83 165
83 176
83 187
83 189
83 197
83 198
84 113
84 114
84 118
84 151
84 171
85 96
85 121
85 156
85 165
85 189
85 198
86 91
86 92
86 97
86 135
86 140
86 142
86 154
86 181
87 127
87 147
87 173
87 183
87 192
88 100
88 105
88 137
88 143
88 145
88 152
88 155
88 157
88 193
89 99
89 175
89 196
90 94
90 95
90 98
90 103
90 110
90 122
90 124
90 125
90 130
90 132
90 139
90 169
90 199
91 92
91 105
91 112
91 114
91 131
91 135
91 137
91 141
91 142
91 151
91 152
91 181
92 135
92 140
92 142
92 151
92 170
92 178
92 181
92 195
93 112
93 131
93 141
93 147
93 152
93 183
93 192
94 98
94 103
94 122
94 125
94 132
94 153
94 161
94 169
94 199
95 110
95 122
95 123
95 124
95 130
95 132
95 139
95 158
95 199
96 121
96 165
96 189
96 198
97 140
97 154
98 103
98 122
98 132
98 161
98 199
99 104
99 109
99 148
99 175
99 194
99 196
100 119
100 143
100 145
100 155
100 157
100 159
100 168
100 182
100 191
100 193
101 104
101 111
101 119
101 133
101 150
101 166
101 177
101 179
101 182
101 184
102 104
102 109
102 111
102 126
102 133
102 150
102 160
102 166
102 177
102 180
102 194
103 122
103 125
103 132
103 153
103 161
103 169
103 199
104 109
104 126
104 133
104 148
104 150
104 166
104 179
104 194
105 112
105 135
105 137
105 141
105 143
105 145
105 152
105 155
105 157
105 173
105 183
106 107
106 123
106 139
106 158
106 160
106 162
106 164
106 172
106 180
107 158
107 160
107 162
107 180
108 128
108 146
108 149
108 156
108 165
108 176
108 187
108 189
108 197
109 126
109 133
109 150
109 160
109 166
109 180
109 194
109 196
110 122
110 123
110 124
110 130
110 132
110 139
110 158
110 199
111 115
111 117
111 119
111 133
111 150
111 159
111 166
111 168
111 177
111 190
112 114
112 131
112 135
112 137
112 141
112 142
112 147
112 151
112 152
112 181
113 114
113 118
113 151
113 171
113 178
113 188
113 195
114 118
114 151
114 171
114 195
115 117
115 119
115 133
115 136
115 159
115 164
115 168
115 172
115 174
115 177
115 190
116 120
116 161
116 167
117 133
117 136
117 164
117 168
117 172
117 174
117 177
117 190
118 151
118 171
118 185
118 195
119 133
119 159
119 168
119 177
119 182
119 190
119 191
120 138
120 167
120 170
121 156
121 165
121 176
121 189
121 198
122 124
122 125
122 130
122 132
122 139
122 161
122 169
122 199
123 124
123 130
123 139
123 158
123 162
124 130
124 132
124 139
124 158
124 163
124 172
124 199
125 130
125 132
125 153
125 169
125 199
126 144
126 160
126 166
126 180
126 194
126 196
127 147
127 173
127 183
127 192
127 198
128 146
128 149
128 156
128 176
128 187
128 189
128 191
129 171
129 185
129 186
129 188
130 132
130 139
130 199
131 141
131 147
131 151
131 152
132 139
132 169
132 199
133 150
133 160
133 166
133 177
133 190
134 148
134 179
134 184
135 137
135 140
135 142
135 145
135 151
135 152
135 181
136 139
136 163
136 164
136 172
136 174
136 190
137 141
137 142
137 145
137 152
137 155
137 157
137 181
138 167
138 170
138 178
138 188
139 158
139 163
139 172
139 199
140 142
140 154
140 181
141 147
141 152
141 183
142 151
142 181
142 195
143 145
143 149
143 155
143 157
143 159
143 182
143 191
143 193
143 197
144 160
144 180
144 196
145 152
145 155
145 157
146 176
146 187
147 152
147 173
147 183
147 192
148 150
148 179
148 184
148 194
149 156
149 182
149 187
149 191
149 193
149 197
150 166
150 177
150 179
150 184
150 194
151 171
151 181
151 195
152 155
152 173
152 183
153 169
155 157
155 159
155 193
156 165
156 176
156 187
156 189
156 197
157 159
157 168
158 162
158 163
158 164
158 172
159 168
159 182
159 190
159 191
160 164
160 166
160 180
161 169
163 164
163 172
163 174
164 172
164 174
164 190
165 176
165 189
165 198
166 177
166 179
166 180
166 194
167 170
168 182
168 190
170 178
170 195
171 178
171 185
171 188
171 195
172 174
172 190
173 183
173 192
173 197
174 190
175 196
176 187
176 189
177 190
178 188
178 195
179 184
179 194
182 191
182 193
183 192
183 197
185 186
187 189
187 191
187 193
187 197
188 195
189 198
191 193
193 197
194 196
