200
0 0.732507 0.432183
1 0.971968 0.866606
2 0.778920 0.373965
3 0.758487 0.605993
4 0.135188 0.561915
5 0.069716 0.640989
6 0.999949 0.208589
7 0.011230 0.425160
8 0.348061 0.456735
9 0.613023 0.654978
10 0.949461 0.938969
11 0.071071 0.150284
12 0.845674 0.773466
13 0.860863 0.325341
14 0.188308 0.619035
15 0.441731 0.655287
16 0.289658 0.941181
17 0.264646 0.894322
18 0.010770 0.671454
19 0.863667 0.230325
20 0.773540 0.861297
21 0.300492 0.432725
22 0.550721 0.506820
23 0.161410 0.452370
24 0.332759 0.127462
25 0.451472 0.952976
26 0.748179 0.243527
27 0.116539 0.442929
28 0.874014 0.924601
29 0.479717 0.036077
30 0.989917 0.488261
31 0.016699 0.385851
32 0.320891 0.744299
33 0.221145 0.902828
34 0.289016 0.500032
35 0.811563 0.044644
36 0.910875 0.979634
37 0.218029 0.432570
38 0.312929 0.529699
39 0.893504 0.273775
40 0.702153 0.445753
41 0.775442 0.469236
42 0.642991 0.795564
43 0.755381 0.143480
44 0.130083 0.371022
45 0.810592 0.177437
46 0.675220 0.993494
47 0.924796 0.441696
48 0.023651 0.157024
49 0.006175 0.891663
50 0.503952 0.430845
51 0.587667 0.815486
52 0.974750 0.755830
53 0.445833 0.492921
54 0.490374 0.216550
55 0.715173 0.722895
56 0.152292 0.165887
57 0.489329 0.170908
58 0.085037 0.407961
59 0.180215 0.410841
60 0.826021 0.263783
61 0.331539 0.587303
62 0.305118 0.902189
63 0.166275 0.487242
64 0.732292 0.300844
65 0.019045 0.944410
66 0.807322 0.080308
67 0.965545 0.995716
68 0.217617 0.092941
69 0.538878 0.586719
70 0.100918 0.848423
71 0.953316 0.502976
72 0.623327 0.859195
73 0.022124 0.743294
74 0.003386 0.832380
75 0.325810 0.251729
76 0.186765 0.262910
77 0.943934 0.286731
78 0.303945 0.171237
79 0.648385 0.965395
80 0.598377 0.403507
81 0.938804 0.861133
82 0.821178 0.315618
83 0.455052 0.289134
84 0.923980 0.160650
85 0.406127 0.821231
86 0.071179 0.913379
87 0.981103 0.253740
88 0.482864 0.488695
89 0.326896 0.676481
90 0.836611 0.361112
91 0.544635 0.318743
92 0.144041 0.814696
93 0.367757 0.311761
94 0.138409 0.884169
95 0.905955 0.402957
96 0.236622 0.964392
97 0.591604 0.501170
98 0.391220 0.668319
99 0.311300 0.405617
100 0.375443 0.489094
101 0.456571 0.450737
102 0.878420 0.584502
103 0.491163 0.561130
104 0.275677 0.246740
105 0.628991 0.324911
106 0.151221 0.348060
107 0.252973 0.816299
108 0.187327 0.711496
109 0.936918 0.363805
110 0.337436 0.313178
111 0.555050 0.868353
112 0.546234 0.732529
113 0.981516 0.433679
114 0.705302 0.396380
115 0.605868 0.552823
116 0.584477 0.097638
117 0.841414 0.466842
118 0.507543 0.525591
119 0.212695 0.278806
120 0.286362 0.308731
121 0.453256 0.729312
122 0.791651 0.985636
123 0.747254 0.994326
124 0.353690 0.421588
125 0.216515 0.226899
126 0.645241 0.633776
127 0.663708 0.364027
128 0.441105 0.871318
129 0.271108 0.280682
130 0.671920 0.428226
131 0.317984 0.963888
132 0.159664 0.753270
133 0.972073 0.834654
134 0.428070 0.155894
135 0.554887 0.290035
136 0.691759 0.926362
137 0.727823 0.917966
138 0.096236 0.243164
139 0.232936 0.396609
140 0.987169 0.299553
141 0.573613 0.698897
142 0.199826 0.504992
143 0.307729 0.629275
144 0.845160 0.942947
145 0.109309 0.123670
146 0.416632 0.757049
147 0.009865 0.189223
148 0.883492 0.524198
149 0.139239 0.070315
150 0.657594 0.844106
151 0.692960 0.148492
152 0.751423 0.715319
153 0.008594 0.554365
154 0.033387 0.225966
155 0.593502 0.760023
156 0.933221 0.191444
157 0.376799 0.220169
158 0.150247 0.287673
159 0.435785 0.787243
160 0.906713 0.469538
161 0.120790 0.991653
162 0.061405 0.020873
163 0.823091 0.717974
164 0.640151 0.716449
165 0.191200 0.548921
166 0.387682 0.268896
167 0.401725 0.605292
168 0.074649 0.091950
169 0.480245 0.951497
170 0.249701 0.354479
171 0.816428 0.219968
172 0.911538 0.658777
173 0.424388 0.050046
174 0.470506 0.882620
175 0.494360 0.865593
176 0.222274 0.122991
177 0.658986 0.477657
178 0.003306 0.107948
179 0.841342 0.873938
180 0.723458 0.521237
181 0.499172 0.669475
182 0.875243 0.846293
183 0.955116 0.968262
184 0.870043 0.697622
185 0.785401 0.650605
186 0.159308 0.784730
187 0.720731 0.486632
188 0.267837 0.081198
189 0.790582 0.605707
190 0.617148 0.984684
191 0.431236 0.257322
192 0.646498 0.202606
193 0.012398 0.985578
194 0.950764 0.638350
195 0.454109 0.202591
196 0.322772 0.855368
197 0.772903 0.095842
198 0.961111 0.784158
199 0.061987 0.758795
800
0 2
0 40
0 41
0 114
0 117
0 127
0 130
0 177
0 180
0 187
1 10
1 28
1 52
1 81
1 133
1 182
1 183
1 198
2 13
2 40
2 41
2 60
2 64
2 82
2 90
2 114
2 117
2 127
2 130
3 126
3 152
3 180
3 185
3 189
4 5
4 14
4 23
4 27
4 63
4 142
4 165
5 14
5 18
5 73
5 153
5 199
6 77
6 84
6 87
6 140
6 156
7 27
7 31
7 58
8 21
8 34
8 38
8 53
8 99
8 100
8 101
8 124
9 69
9 112
9 115
9 126
9 141
9 155
9 164
9 181
10 28
10 36
10 67
10 81
10 133
10 144
10 182
10 183
11 48
11 56
11 138
11 145
11 147
11 149
11 154
11 168
11 178
12 20
12 152
12 163
12 179
12 182
12 184
12 198
13 19
13 39
13 60
13 77
13 82
13 90
13 95
13 109
13 171
14 108
14 142
14 143
14 165
15 69
15 89
15 98
15 103
15 121
15 146
15 167
15 181
16 17
16 33
16 62
16 96
16 131
16 196
17 33
17 62
17 96
17 107
17 131
17 196
18 73
18 153
18 199
19 26
19 39
19 45
19 60
19 77
19 82
19 84
19 87
19 156
19 171
20 28
20 136
20 137
20 144
20 150
20 179
20 182
21 34
21 37
21 38
21 99
21 100
21 124
21 139
21 170
22 50
22 53
22 69
22 80
22 88
22 97
22 101
22 103
22 115
22 118
22 177
23 27
23 37
23 44
23 58
23 59
23 63
23 106
23 139
23 142
23 165
24 68
24 78
24 134
24 157
24 173
24 176
24 188
25 128
25 169
25 174
25 175
26 43
26 45
26 60
26 64
26 82
26 151
26 171
26 192
27 31
27 37
27 44
27 58
27 59
27 63
27 106
27 142
28 36
28 67
28 81
28 122
28 144
28 179
28 182
28 183
29 116
29 173
30 47
30 71
30 95
30 113
30 148
30 160
31 44
31 58
32 85
32 89
32 98
32 107
32 143
32 146
32 196
33 62
33 92
33 94
33 96
33 107
33 131
33 196
34 37
34 38
34 61
34 99
34 100
34 124
34 139
34 142
34 165
35 43
35 66
35 197
36 67
36 81
36 122
36 144
36 183
37 44
37 59
37 63
37 99
37 106
37 139
37 142
37 165
37 170
38 61
38 100
38 124
38 142
38 143
38 167
39 60
39 77
39 82
39 84
39 87
39 90
39 109
39 140
39 156
39 171
40 41
40 80
40 114
40 127
40 130
40 177
40 180
40 187
41 114
41 117
41 130
41 148
41 177
41 180
41 187
42 51
42 55
42 72
42 111
42 112
42 141
42 150
42 155
42 164
43 45
43 66
43 151
43 171
43 197
44 58
44 59
44 63
44 106
44 139
44 158
44 170
45 60
45 66
45 84
45 151
45 171
45 197
46 79
46 122
46 123
46 136
46 137
46 190
47 71
47 90
47 95
47 109
47 113
47 117
47 148
47 160
48 138
48 145
48 147
48 154
48 168
48 178
49 65
49 70
49 74
49 86
49 193
50 53
50 80
50 88
50 91
50 97
50 101
50 118
51 72
51 111
51 112
51 141
51 150
51 155
51 164
51 175
52 81
52 133
52 172
52 184
52 194
52 198
53 88
53 100
53 101
53 103
53 118
53 124
53 167
54 57
54 83
54 91
54 134
54 135
54 157
54 166
54 191
54 195
55 126
55 152
55 163
55 164
55 185
56 68
56 76
56 125
56 138
56 145
56 149
56 168
56 176
57 116
57 134
57 191
57 195
58 59
58 63
58 106
59 63
59 106
59 139
59 142
59 170
60 64
60 77
60 82
60 90
60 171
61 89
61 98
61 100
61 143
61 167
62 96
62 107
62 131
62 196
63 139
63 142
63 165
64 82
64 90
64 105
64 114
64 127
64 171
65 74
65 86
65 161
65 193
66 197
67 183
68 78
68 145
68 149
68 176
68 188
69 88
69 97
69 103
69 115
69 118
69 126
69 141
69 181
70 74
70 86
70 92
70 94
70 132
70 186
70 199
71 95
71 102
71 113
71 117
71 148
71 160
72 79
72 111
72 136
72 137
72 150
72 155
73 74
73 199
74 86
74 199
75 78
75 93
75 104
75 110
75 119
75 120
75 125
75 129
75 157
75 166
75 191
76 104
76 106
76 119
76 120
76 125
76 129
76 138
76 158
76 170
77 87
77 109
77 140
77 156
78 104
78 125
78 129
78 157
78 176
78 188
79 123
79 136
79 137
79 150
79 190
80 91
80 97
80 105
80 114
80 127
80 130
80 135
80 177
81 133
81 179
81 182
81 183
81 198
82 90
82 95
82 171
83 91
83 93
83 110
83 135
83 157
83 166
83 191
83 195
84 87
84 156
85 121
85 128
85 146
85 159
85 174
85 175
85 196
86 94
86 161
86 193
87 109
87 140
87 156
88 97
88 100
88 101
88 103
88 118
89 98
89 143
89 146
89 167
90 95
90 109
90 117
91 105
91 135
92 94
92 107
92 108
92 132
92 186
92 199
93 99
93 104
93 110
93 120
93 124
93 129
93 157
93 166
93 191
94 161
94 186
95 109
95 113
95 117
95 160
96 131
96 161
97 103
97 115
97 118
97 130
97 177
98 121
98 143
98 146
98 167
98 181
99 100
99 110
99 120
99 124
99 139
99 170
100 101
100 124
100 167
101 103
101 118
101 124
102 148
102 160
102 172
102 184
102 185
102 189
102 194
103 115
103 118
103 167
103 181
104 110
104 119
104 120
104 125
104 129
104 157
104 166
104 170
105 114
105 127
105 130
105 135
106 119
106 138
106 139
106 158
106 170
107 132
107 186
107 196
108 132
108 186
109 113
109 140
109 160
110 120
110 124
110 129
110 157
110 166
110 170
110 191
111 128
111 150
111 155
111 169
111 174
111 175
112 121
112 141
112 155
112 164
112 181
113 160
114 127
114 130
114 177
114 187
115 118
115 126
115 177
116 151
117 148
117 160
119 120
119 125
119 129
119 139
119 158
119 170
120 125
120 129
120 139
120 166
120 170
121 146
121 159
121 181
122 123
122 136
122 137
122 144
123 136
123 137
123 144
125 129
125 138
125 158
125 176
126 141
126 164
127 130
127 177
128 146
128 159
128 169
128 174
128 175
128 196
129 158
129 166
129 170
130 177
130 180
130 187
131 196
132 186
132 199
133 182
133 198
134 157
134 166
134 173
134 191
134 195
136 137
136 150
136 190
137 144
137 150
138 145
138 147
138 154
138 158
139 142
139 170
140 156
141 155
141 164
141 181
142 165
143 167
144 179
144 182
144 183
145 147
145 149
145 162
145 168
145 176
145 178
146 159
146 181
147 154
147 168
147 178
148 160
149 162
149 168
149 176
150 155
151 192
151 197
152 163
152 164
152 184
152 185
152 189
155 164
156 171
157 166
157 191
157 195
158 170
159 174
159 175
161 193
162 168
162 178
163 172
163 184
163 185
163 189
166 191
166 195
167 181
168 178
169 174
169 175
172 184
172 194
174 175
176 188
177 180
177 187
179 182
180 187
180 189
182 198
184 185
184 189
184 194
185 189
186 199
191 195
