200
0 0.966744 0.748643
1 0.973854 0.849107
2 0.771917 0.399412
3 0.116694 0.413127
4 0.569963 0.787969
5 0.832586 0.059049
6 0.064725 0.354725
7 0.374656 0.652700
8 0.167191 0.359570
9 0.731275 0.240591
10 0.850006 0.601809
11 0.199473 0.621105
12 0.307677 0.788204
13 0.142031 0.449726
14 0.332027 0.570251
15 0.289511 0.573777
16 0.281449 0.757940
17 0.721035 0.099137
18 0.880227 0.083930
19 0.122080 0.093446
20 0.436623 0.085985
21 0.245024 0.781892
22 0.444876 0.727627
23 0.326623 0.542357
24 0.186207 0.187888
25 0.744974 0.065620
26 0.991224 0.182084
27 0.925219 0.973502
28 0.180507 0.980352
29 0.129513 0.047180
30 0.484913 0.272990
31 0.420620 0.682782
32 0.268314 0.200111
33 0.636680 0.095962
34 0.668198 0.496076
35 0.238029 0.525241
36 0.434812 0.234692
37 0.195890 0.031921
38 0.629388 0.048864
39 0.300776 0.835188
40 0.628150 0.242331
41 0.882704 0.118125
42 0.071167 0.911321
43 0.955822 0.893639
44 0.493740 0.050393
45 0.226808 0.828890
46 0.239414 0.892651
47 0.166782 0.312058
48 0.630451 0.696308
49 0.408664 0.603565
50 0.884525 0.840699
51 0.202442 0.377472
52 0.826028 0.675173
53 0.914846 0.206210
54 0.336890 0.691767
55 0.545532 0.093659
56 0.092632 0.459044
57 0.244182 0.986074
58 0.109817 0.011243
59 0.319553 0.324761
60 0.585083 0.311362
61 0.593539 0.920663
62 0.109498 0.789742
63 0.265367 0.912927
64 0.163709 0.157955
65 0.412297 0.475908
66 0.009628 0.244994
67 0.600452 0.843732
68 0.788722 0.488766
69 0.317198 0.646935
70 0.037901 0.331906
71 0.129787 0.878247
72 0.767565 0.670252
73 0.056485 0.119882
74 0.575711 0.238568
75 0.802846 0.567363
76 0.789466 0.344004
77 0.767023 0.102902
78 0.380986 0.610075
79 0.177054 0.704371
80 0.346529 0.719681
81 0.255752 0.392632
82 0.391835 0.374482
83 0.943916 0.634784
84 0.742853 0.596730
85 0.330646 0.954057
86 0.135221 0.751558
87 0.351788 0.450974
88 0.589884 0.020390
89 0.374721 0.700226
90 0.509909 0.837761
91 0.261636 0.823055
92 0.535398 0.683788
93 0.237387 0.739227
94 0.973319 0.012226
95 0.095989 0.943451
96 0.905178 0.637992
97 0.894136 0.148214
98 0.267857 0.608240
99 0.301568 0.437505
100 0.958570 0.188154
101 0.218933 0.342221
102 0.083709 0.546725
103 0.531738 0.200221
104 0.483400 0.915323
105 0.798410 0.866142
106 0.508708 0.510082
107 0.021513 0.046976
108 0.921243 0.263375
109 0.799664 0.693298
110 0.647028 0.642384
111 0.261055 0.549359
112 0.970400 0.808342
113 0.666965 0.902196
114 0.935885 0.545342
115 0.909918 0.304476
116 0.470174 0.712772
117 0.345884 0.915226
118 0.010952 0.117274
119 0.504537 0.655855
120 0.702922 0.911231
121 0.118402 0.607885
122 0.040119 0.572018
123 0.014679 0.481489
124 0.358568 0.325411
125 0.684071 0.319681
126 0.652779 0.317117
127 0.600726 0.569566
128 0.389709 0.260000
129 0.991622 0.944228
130 0.395786 0.796449
131 0.708511 0.450098
132 0.835900 0.475625
133 0.629945 0.422096
134 0.825040 0.006198
135 0.809161 0.527916
136 0.080313 0.792741
137 0.242248 0.052286
138 0.206467 0.589726
139 0.515008 0.132978
140 0.299042 0.679693
141 0.612987 0.157699
142 0.736912 0.507103
143 0.703959 0.972763
144 0.309446 0.155316
145 0.312267 0.378453
146 0.508424 0.104351
147 0.660250 0.143226
148 0.924891 0.682244
149 0.435362 0.201049
150 0.972119 0.980366
151 0.032259 0.956305
152 0.739828 0.338829
153 0.080996 0.100547
154 0.678340 0.350689
155 0.188534 0.542623
156 0.175753 0.936290
157 0.593484 0.118424
158 0.203970 0.751934
159 0.795170 0.272217
160 0.555608 0.040750
161 0.264319 0.875670
162 0.708955 0.291495
163 0.109174 0.203058
164 0.730517 0.832799
165 0.009708 0.926287
166 0.583117 0.354692
167 0.464886 0.563369
168 0.236663 0.936120
169 0.269787 0.454487
170 0.047670 0.011627
171 0.269357 0.024345
172 0.286623 0.395474
173 0.875490 0.217598
174 0.555741 0.497127
175 0.836855 0.901169
176 0.588837 0.072674
177 0.082406 0.753022
178 0.834284 0.715222
179 0.326606 0.756880
180 0.641578 0.366850
181 0.932062 0.714288
182 0.512328 0.401196
183 0.814189 0.981860
184 0.345890 0.287498
185 0.068106 0.442243
186 0.132904 0.371784
187 0.520385 0.312568
188 0.580830 0.717493
189 0.434096 0.513805
190 0.650739 0.021116
191 0.698260 0.599571
192 0.752203 0.814502
193 0.659909 0.931627
194 0.736377 0.425691
195 0.542063 0.823165
196 0.020327 0.517752
197 0.466472 0.400272
198 0.198455 0.109158
199 0.262020 0.095751
1000
0 1
0 50
0 83
0 96
0 112
0 148
0 181
1 43
1 50
1 112
1 129
1 150
2 68
2 76
2 125
2 131
2 132
2 142
2 152
2 154
2 159
2 162
2 194
3 6
3 8
3 13
3 47
3 51
3 56
3 70
3 101
3 123
3 185
3 186
4 48
4 67
4 90
4 92
4 116
4 188
4 195
5 17
5 18
5 25
5 41
5 77
5 97
5 134
6 8
6 13
6 47
6 56
6 66
6 70
6 185
6 186
7 14
7 15
7 22
7 23
7 31
7 49
7 54
7 69
7 78
7 80
7 89
7 98
7 116
7 119
7 140
7 167
7 179
8 13
8 47
8 51
8 56
8 70
8 81
8 101
8 172
8 185
8 186
9 40
9 76
9 125
9 126
9 147
9 152
9 154
9 159
9 162
10 52
10 68
10 72
10 75
10 83
10 84
10 96
10 109
10 114
10 132
10 135
10 148
10 178
11 15
11 35
11 69
11 79
11 93
11 98
11 111
11 121
11 138
11 140
11 155
11 158
12 16
12 21
12 39
12 45
12 46
12 54
12 63
12 80
12 89
12 91
12 93
12 117
12 130
12 140
12 158
12 161
12 179
13 35
13 51
13 56
13 81
13 101
13 102
13 123
13 155
13 169
13 185
13 186
14 15
14 23
14 35
14 49
14 54
14 65
14 69
14 78
14 87
14 98
14 111
14 138
14 140
14 167
14 169
14 189
15 23
15 35
15 49
15 54
15 69
15 78
15 98
15 111
15 138
15 140
15 155
15 169
16 21
16 39
16 45
16 54
16 69
16 79
16 80
16 89
16 91
16 93
16 130
16 140
16 158
16 161
16 179
17 25
17 33
17 38
17 77
17 141
17 147
17 157
17 190
18 41
18 53
18 77
18 94
18 97
18 100
18 134
19 24
19 29
19 37
19 58
19 64
19 73
19 107
19 118
19 137
19 153
19 163
19 170
19 198
20 44
20 55
20 139
20 146
20 149
20 160
21 39
21 45
21 46
21 54
21 63
21 79
21 80
21 86
21 91
21 93
21 140
21 158
21 161
21 179
22 31
22 49
22 54
22 80
22 89
22 90
22 92
22 116
22 119
22 130
22 179
23 35
23 49
23 65
23 69
23 78
23 87
23 98
23 99
23 111
23 138
23 169
23 189
24 32
24 47
24 64
24 144
24 163
24 198
24 199
25 33
25 38
25 77
25 134
25 147
25 190
26 41
26 53
26 97
26 100
26 108
26 173
27 43
27 129
27 150
27 175
27 183
28 42
28 46
28 57
28 63
28 71
28 95
28 156
28 168
29 37
29 58
29 64
29 73
29 107
29 137
29 153
29 170
29 198
30 36
30 60
30 74
30 103
30 128
30 149
30 166
30 182
30 187
30 197
31 49
31 54
31 69
31 78
31 80
31 89
31 92
31 116
31 119
31 130
31 140
31 167
31 179
32 64
32 144
32 184
32 198
32 199
33 38
33 55
33 77
33 88
33 139
33 141
33 146
33 147
33 157
33 160
33 176
33 190
34 68
34 84
34 127
34 131
34 133
34 142
34 174
34 180
34 191
34 194
35 98
35 99
35 111
35 138
35 155
35 169
36 103
36 124
36 128
36 139
36 149
36 184
36 187
37 58
37 64
37 137
37 171
37 198
37 199
38 55
38 88
38 141
38 146
38 147
38 157
38 160
38 176
38 190
39 45
39 46
39 63
39 80
39 85
39 91
39 93
39 117
39 130
39 158
39 161
39 168
39 179
40 60
40 74
40 103
40 125
40 126
40 141
40 147
40 154
40 157
40 162
40 166
40 180
40 187
41 53
41 77
41 97
41 100
41 134
41 173
42 62
42 71
42 95
42 136
42 151
42 156
42 165
43 50
43 112
43 129
43 150
43 175
44 55
44 88
44 139
44 146
44 157
44 160
44 176
45 46
45 62
45 63
45 71
45 86
45 91
45 93
45 156
45 158
45 161
45 168
45 179
46 57
46 63
46 71
46 85
46 91
46 117
46 156
46 161
46 168
47 51
47 70
47 81
47 101
47 163
47 186
48 92
48 110
48 119
48 127
48 188
48 191
49 54
49 65
49 69
49 78
49 80
49 89
49 116
49 119
49 167
49 189
50 105
50 112
50 175
51 59
51 81
51 99
51 101
51 145
51 169
51 172
51 186
52 72
52 75
52 83
52 84
52 96
52 109
52 148
52 178
52 181
53 97
53 100
53 108
53 115
53 173
54 69
54 78
54 80
54 89
54 93
54 98
54 130
54 140
54 179
55 88
55 103
55 139
55 141
55 146
55 147
55 157
55 160
55 176
55 190
56 102
56 122
56 123
56 155
56 185
56 186
56 196
57 63
57 85
57 117
57 156
57 161
57 168
58 73
58 107
58 153
58 170
58 198
59 81
59 82
59 87
59 99
59 101
59 124
59 128
59 145
59 172
59 184
60 74
60 103
60 125
60 126
60 133
60 154
60 162
60 166
60 180
60 182
60 187
61 67
61 90
61 104
61 113
61 120
61 143
61 193
61 195
62 71
62 79
62 86
62 136
62 158
62 177
63 85
63 91
63 117
63 156
63 161
63 168
64 73
64 137
64 153
64 163
64 198
64 199
65 82
65 87
65 99
65 106
65 167
65 182
65 189
65 197
66 70
66 118
66 163
67 90
67 113
67 120
67 164
67 188
67 193
67 195
68 75
68 84
68 131
68 132
68 135
68 142
68 194
69 78
69 80
69 89
69 93
69 98
69 111
69 138
69 140
69 179
70 185
70 186
71 86
71 95
71 136
71 151
71 156
71 165
71 168
72 75
72 84
72 109
72 110
72 178
72 191
73 107
73 118
73 153
73 163
73 170
74 103
74 126
74 139
74 141
74 147
74 157
74 166
74 187
75 84
75 96
75 109
75 132
75 135
75 142
75 191
76 115
76 125
76 152
76 154
76 159
76 162
76 194
77 134
77 147
78 80
78 89
78 98
78 119
78 140
78 167
78 189
79 86
79 93
79 98
79 121
79 136
79 138
79 140
79 158
79 177
80 89
80 93
80 116
80 130
80 140
80 179
81 87
81 99
81 101
81 124
81 145
81 169
81 172
81 186
82 87
82 99
82 124
82 128
82 145
82 172
82 182
82 184
82 197
83 96
83 114
83 148
83 181
84 109
84 110
84 135
84 142
84 191
85 117
85 161
85 168
86 93
86 136
86 158
86 177
87 99
87 124
87 145
87 169
87 172
87 189
87 197
88 146
88 157
88 160
88 176
88 190
89 116
89 130
89 140
89 179
90 104
90 116
90 130
90 195
91 93
91 117
91 158
91 161
91 168
91 179
92 110
92 116
92 119
92 127
92 188
93 140
93 158
93 179
95 151
95 156
95 165
96 109
96 114
96 148
96 178
96 181
97 100
97 108
97 173
98 111
98 138
98 140
98 155
99 101
99 111
99 124
99 145
99 169
99 172
100 108
100 115
100 173
101 145
101 169
101 172
101 186
102 121
102 122
102 123
102 138
102 155
102 185
102 196
103 139
103 141
103 146
103 149
103 157
103 187
104 195
105 120
105 164
105 175
105 183
105 192
106 127
106 167
106 174
106 182
106 189
106 197
107 118
107 153
107 170
108 115
108 159
108 173
109 148
109 178
109 192
110 127
110 188
110 191
111 138
111 155
111 169
112 181
113 120
113 143
113 164
113 192
113 193
114 132
114 135
115 159
115 173
116 119
116 130
116 188
116 195
117 130
117 161
117 168
118 153
118 163
118 170
119 127
119 167
119 188
120 143
120 164
120 183
120 192
120 193
121 122
121 138
121 155
122 123
122 185
122 196
123 185
123 196
124 128
124 145
124 172
124 184
124 197
125 126
125 131
125 133
125 152
125 154
125 159
125 162
125 166
125 180
125 194
126 133
126 152
126 154
126 162
126 166
126 180
126 187
127 174
127 191
128 144
128 149
128 184
129 150
130 179
131 132
131 133
131 135
131 142
131 152
131 154
131 180
131 194
132 135
132 142
132 194
133 154
133 166
133 174
133 180
133 182
133 194
135 142
135 191
135 194
136 158
136 177
137 144
137 171
137 198
137 199
138 140
138 155
139 141
139 146
139 149
139 157
139 160
139 176
140 158
140 179
141 146
141 147
141 157
141 160
141 176
142 191
142 194
143 183
143 193
144 198
144 199
145 169
145 172
145 184
146 149
146 157
146 160
146 176
147 157
147 176
147 190
148 178
148 181
149 184
151 165
152 154
152 159
152 162
152 180
152 194
153 163
153 170
153 198
154 162
154 166
154 180
154 194
155 169
156 161
156 168
157 160
157 176
157 190
158 177
158 179
159 162
159 173
160 176
160 190
161 168
162 180
163 198
164 175
164 192
164 193
166 180
166 182
166 187
166 197
167 174
167 189
169 172
171 198
171 199
172 184
174 182
174 189
174 197
175 183
175 192
176 190
178 181
178 192
180 187
180 194
182 187
182 197
185 186
185 196
187 197
188 195
189 197
198 199
