200
0 0.703296 0.691293
1 0.152904 0.778673
2 0.152725 0.996684
3 0.766115 0.543313
4 0.617296 0.108669
5 0.569764 0.027189
6 0.830316 0.166131
7 0.492767 0.536204
8 0.282609 0.928700
9 0.754613 0.259784
10 0.038990 0.914739
11 0.179892 0.818324
12 0.034597 0.477432
13 0.736936 0.147445
14 0.547029 0.762595
15 0.414770 0.454555
16 0.445436 0.218696
17 0.552762 0.640198
18 0.884214 0.483973
19 0.016162 0.551879
20 0.682495 0.140123
21 0.736289 0.014285
22 0.795879 0.337330
23 0.317907 0.918763
24 0.722143 0.435278
25 0.296211 0.542628
26 0.390623 0.645680
27 0.412002 0.312805
28 0.199243 0.158891
29 0.965973 0.428501
30 0.383679 0.390495
31 0.911701 0.114068
32 0.829880 0.793332
33 0.774197 0.146258
34 0.512777 0.086114
35 0.574630 0.352982
36 0.591731 0.561112
37 0.882189 0.562670
38 0.091224 0.744278
39 0.093145 0.858545
40 0.389094 0.540104
41 0.920948 0.851566
42 0.325669 0.100717
43 0.290839 0.263317
44 0.533436 0.836107
45 0.530706 0.985556
46 0.082800 0.805756
47 0.008468 0.163464
48 0.272462 0.502086
49 0.949316 0.565433
50 0.054057 0.955066
51 0.155358 0.874316
52 0.148101 0.162532
53 0.745741 0.563372
54 0.381905 0.082209
55 0.837095 0.704726
56 0.292122 0.398955
57 0.263934 0.106076
58 0.369930 0.154857
59 0.400224 0.055047
60 0.592200 0.866061
61 0.809774 0.190992
62 0.382345 0.221326
63 0.695032 0.414980
64 0.807389 0.841627
65 0.372239 0.457176
66 0.920627 0.267074
67 0.131384 0.488435
68 0.297317 0.362389
69 0.863293 0.187771
70 0.109133 0.410891
71 0.712534 0.640503
72 0.518552 0.514424
73 0.673106 0.224387
74 0.415990 0.724271
75 0.416063 0.152904
76 0.986113 0.570791
77 0.396273 0.792239
78 0.605374 0.019126
79 0.133729 0.833987
80 0.696402 0.851845
81 0.035213 0.804257
82 0.447657 0.118640
83 0.121982 0.121445
84 0.074162 0.364254
85 0.882881 0.388769
86 0.214799 0.325937
87 0.303465 0.953333
88 0.333375 0.376062
89 0.309012 0.296546
90 0.547593 0.132287
91 0.542761 0.368852
92 0.601292 0.213338
93 0.049965 0.428390
94 0.473289 0.372483
95 0.353305 0.039795
96 0.857395 0.505566
97 0.932155 0.505105
98 0.831447 0.060083
99 0.333338 0.470637
100 0.774247 0.977084
101 0.585718 0.681466
102 0.345954 0.804930
103 0.603494 0.482674
104 0.499775 0.213467
105 0.469981 0.729721
106 0.034087 0.075015
107 0.863193 0.736468
108 0.471994 0.241377
109 0.308917 0.757080
110 0.591535 0.927010
111 0.018973 0.303537
112 0.665864 0.488804
113 0.963383 0.821069
114 0.576941 0.592290
115 0.765694 0.922261
116 0.470443 0.560067
117 0.278003 0.174467
118 0.308769 0.436262
119 0.103495 0.299112
120 0.681476 0.649725
121 0.007848 0.788002
122 0.971155 0.754084
123 0.505446 0.565369
124 0.655431 0.663843
125 0.761335 0.454840
126 0.964814 0.002531
127 0.291598 0.808113
128 0.995395 0.845098
129 0.654534 0.332119
130 0.229543 0.132068
131 0.431394 0.756479
132 0.084966 0.447546
133 0.960618 0.376233
134 0.344631 0.891687
135 0.873722 0.766376
136 0.977082 0.195673
137 0.063001 0.739298
138 0.476988 0.107692
139 0.173027 0.246546
140 0.676847 0.038668
141 0.220871 0.014067
142 0.633916 0.394418
143 0.166861 0.136012
144 0.973980 0.038374
145 0.692198 0.311414
146 0.272467 0.995480
147 0.540111 0.569529
148 0.293612 0.460653
149 0.228731 0.535307
150 0.336383 0.130868
151 0.985712 0.600736
152 0.813784 0.475448
153 0.834651 0.453320
154 0.036220 0.274850
155 0.586484 0.898578
156 0.667458 0.099229
157 0.890581 0.169622
158 0.447858 0.918175
159 0.968381 0.143500
160 0.090748 0.117795
161 0.061237 0.229789
162 0.945772 0.460679
163 0.494291 0.300872
164 0.463449 0.336998
165 0.093940 0.178853
166 0.195049 0.761395
167 0.468943 0.507890
168 0.593315 0.454807
169 0.932621 0.729123
170 0.007307 0.428495
171 0.859982 0.675269
172 0.521554 0.803555
173 0.834143 0.926598
174 0.407261 0.873674
175 0.903528 0.301111
176 0.180340 0.726271
177 0.251747 0.918529
178 0.046663 0.014171
179 0.616285 0.706570
180 0.694546 0.766395
181 0.996257 0.459920
182 0.696795 0.263303
183 0.338362 0.184168
184 0.321826 0.212630
185 0.857382 0.999373
186 0.873644 0.930568
187 0.469074 0.009254
188 0.570974 0.209374
189 0.105072 0.670512
190 0.550633 0.474741
191 0.397659 0.339995
192 0.225304 0.393554
193 0.150078 0.927910
194 0.251657 0.010170
195 0.380315 0.989196
196 0.422133 0.074513
197 0.211127 0.904896
198 0.639536 0.848989
199 0.038110 0.635972
600
0 71
0 120
0 124
0 179
0 180
1 11
1 38
1 39
1 46
1 51
1 79
1 137
1 166
1 176
2 193
3 53
3 96
3 125
3 152
4 5
4 20
4 78
4 90
4 92
4 140
4 156
5 34
5 78
5 187
6 13
6 31
6 33
6 61
6 69
6 98
6 157
7 36
7 40
7 72
7 114
7 116
7 123
7 147
7 167
7 190
8 23
8 87
8 134
8 146
8 177
8 197
9 22
9 61
9 73
9 145
9 182
10 39
10 50
11 39
11 46
11 51
11 79
11 166
11 176
11 197
12 19
12 67
12 70
12 93
12 132
12 170
13 20
13 33
13 61
13 73
13 156
14 44
14 101
14 105
14 172
14 179
15 30
15 40
15 65
15 94
15 99
15 167
16 27
16 58
16 62
16 75
16 82
16 104
16 108
16 163
17 36
17 101
17 114
17 123
17 124
17 147
17 179
18 29
18 37
18 49
18 85
18 96
18 97
18 152
18 153
18 162
19 199
20 33
20 73
20 140
20 156
21 98
21 140
22 85
23 87
23 134
23 146
23 174
23 177
23 195
24 63
24 112
24 125
24 142
24 152
25 40
25 48
25 99
25 148
25 149
26 40
26 74
27 30
27 62
27 88
27 89
27 94
27 108
27 163
27 164
27 191
28 52
28 57
28 83
28 117
28 130
28 139
28 143
29 85
29 97
29 133
29 162
29 181
30 56
30 65
30 68
30 88
30 94
30 99
30 118
30 164
30 191
31 69
31 98
31 136
31 144
31 157
31 159
32 55
32 64
32 107
32 135
33 61
33 69
33 98
34 82
34 90
34 138
34 187
34 196
35 91
35 94
35 129
35 142
35 163
35 168
36 72
36 103
36 112
36 114
36 123
36 147
36 190
37 49
37 76
37 96
37 97
38 46
38 79
38 81
38 121
38 137
38 166
38 176
38 189
39 46
39 50
39 51
39 79
39 81
39 193
40 65
40 99
40 116
40 167
41 113
41 128
41 135
41 186
42 54
42 57
42 58
42 59
42 75
42 95
42 117
42 130
42 150
42 183
42 196
43 62
43 68
43 86
43 89
43 117
43 183
43 184
44 60
44 155
44 172
45 110
45 155
46 51
46 79
46 81
46 121
46 137
47 106
47 160
47 161
47 165
48 56
48 99
48 118
48 148
48 149
49 76
49 97
49 151
49 162
50 193
51 79
51 177
51 193
51 197
52 83
52 130
52 139
52 143
52 160
52 165
53 71
54 58
54 59
54 75
54 82
54 95
54 138
54 150
54 196
55 107
55 135
55 169
55 171
56 65
56 68
56 88
56 89
56 99
56 118
56 148
56 192
57 117
57 130
57 141
57 143
57 150
57 194
58 59
58 62
58 75
58 82
58 117
58 150
58 183
58 184
58 196
59 75
59 82
59 95
59 138
59 150
59 187
59 196
60 80
60 110
60 155
60 172
60 198
61 69
61 157
62 75
62 89
62 108
62 150
62 183
62 184
63 112
63 125
63 129
63 142
63 145
64 115
64 135
64 173
65 88
65 99
65 118
65 148
66 69
66 136
66 157
66 175
67 70
67 93
67 132
68 86
68 88
68 89
68 118
68 148
68 191
68 192
69 157
70 84
70 93
70 132
70 170
71 120
71 124
72 103
72 114
72 116
72 123
72 147
72 167
72 168
72 190
73 92
73 145
73 182
73 188
74 77
74 105
74 131
75 82
75 104
75 108
75 138
75 150
75 183
75 196
76 97
76 151
77 102
77 105
77 109
77 127
77 131
77 174
78 140
78 156
79 81
79 166
79 193
79 197
80 115
80 180
80 198
81 121
81 137
82 90
82 138
82 196
83 106
83 143
83 160
83 165
84 93
84 111
84 119
84 132
84 154
84 170
85 133
85 153
85 162
85 175
86 89
86 139
86 192
87 134
87 146
87 177
87 195
87 197
88 89
88 99
88 118
88 148
88 191
89 184
89 191
90 92
90 104
90 138
90 188
91 94
91 142
91 163
91 164
91 168
92 104
92 188
93 132
93 170
94 163
94 164
94 191
95 150
95 194
95 196
96 97
96 152
96 153
96 162
97 162
97 181
99 118
99 148
100 115
100 173
100 185
101 114
101 120
101 124
101 179
102 109
102 127
102 131
102 134
102 174
103 112
103 142
103 168
103 190
104 108
104 163
104 188
105 131
105 172
106 160
106 178
107 135
107 169
107 171
108 163
108 164
108 188
109 127
110 155
110 198
111 119
111 154
111 161
112 125
112 142
112 168
113 122
113 128
113 135
113 169
114 123
114 147
115 173
116 123
116 147
116 167
117 130
117 150
117 183
117 184
118 148
118 192
119 139
119 154
119 161
120 124
120 179
121 137
122 128
122 135
122 169
123 147
123 167
123 190
124 179
125 152
125 153
126 144
127 134
129 142
129 145
129 182
130 143
131 172
132 170
133 162
133 175
133 181
134 174
134 177
134 195
135 169
135 171
136 157
136 159
137 189
138 187
138 196
139 165
140 156
141 194
142 145
142 168
143 160
143 165
144 159
145 182
146 177
147 167
147 190
148 149
148 192
150 183
150 184
150 196
152 153
154 161
155 198
157 159
158 174
158 195
160 165
161 165
162 181
163 164
163 191
164 191
166 176
167 190
168 190
169 171
173 185
173 186
176 189
177 193
177 197
179 180
180 198
183 184
185 186
187 196
189 199
193 197
