200
0 0.619525 0.162918
1 0.215346 0.929245
2 0.911831 0.120469
3 0.657911 0.380798
4 0.336941 0.640022
5 0.292486 0.581966
6 0.812368 0.344954
7 0.129434 0.253991
8 0.652312 0.937618
9 0.803699 0.673350
10 0.761549 0.891063
11 0.911519 0.931485
12 0.891831 0.258924
13 0.332035 0.847889
14 0.234709 0.847705
15 0.904797 0.173725
16 0.483349 0.790739
17 0.893044 0.881580
18 0.071212 0.159858
19 0.006948 0.552819
20 0.395375 0.564446
21 0.835300 0.248936
22 0.915654 0.752774
23 0.328597 0.394902
24 0.208538 0.777276
25 0.200166 0.183933
26 0.606698 0.720016
27 0.241778 0.150798
28 0.012841 0.065423
29 0.586408 0.854749
30 0.840959 0.554415
31 0.893130 0.063332
32 0.808498 0.757378
33 0.277791 0.434792
34 0.479756 0.663032
35 0.567985 0.459471
36 0.043810 0.296018
37 0.121977 0.339571
38 0.215836 0.036497
39 0.236772 0.886282
40 0.120004 0.963890
41 0.709658 0.876954
42 0.167407 0.984152
43 0.428000 0.387385
44 0.466179 0.164064
45 0.595983 0.766036
46 0.770790 0.802117
47 0.005029 0.685591
48 0.885324 0.777959
49 0.582581 0.406883
50 0.184815 0.493500
51 0.176025 0.391561
52 0.167384 0.589700
53 0.079218 0.756233
54 0.894909 0.405514
55 0.068836 0.576784
56 0.956056 0.884652
57 0.855702 0.121858
58 0.615605 0.970036
59 0.252771 0.956061
60 0.801843 0.436793
61 0.038177 0.413055
62 0.838659 0.377314
63 0.574794 0.154515
64 0.990138 0.970856
65 0.736986 0.402977
66 0.952805 0.745360
67 0.404306 0.270599
68 0.575236 0.345275
69 0.597229 0.109472
70 0.641485 0.094315
71 0.918833 0.027084
72 0.862019 0.626415
73 0.999469 0.106176
74 0.538979 0.544395
75 0.858784 0.590379
76 0.198882 0.637799
77 0.761957 0.516462
78 0.840790 0.278682
79 0.246528 0.703727
80 0.155410 0.487171
81 0.340431 0.219442
82 0.333096 0.916486
83 0.296174 0.235373
84 0.252845 0.909961
85 0.923926 0.668678
86 0.275703 0.802735
87 0.322732 0.550031
88 0.464198 0.244241
89 0.723035 0.107308
90 0.518911 0.973523
91 0.697352 0.605895
92 0.626565 0.867407
93 0.810268 0.049609
94 0.488459 0.498034
95 0.531465 0.829244
96 0.705868 0.645390
97 0.061853 0.810032
98 0.636671 0.011865
99 0.466559 0.589911
100 0.225163 0.970177
101 0.935751 0.283403
102 0.664230 0.867006
103 0.171096 0.447150
104 0.745263 0.627491
105 0.129374 0.675899
106 0.572718 0.637865
107 0.041799 0.331016
108 0.121386 0.189842
109 0.722696 0.244889
110 0.688744 0.459533
111 0.646595 0.669014
112 0.074227 0.015598
113 0.832199 0.834658
114 0.986267 0.440230
115 0.127261 0.089828
116 0.684472 0.817477
117 0.203934 0.844556
118 0.296540 0.687066
119 0.695298 0.378809
120 0.755863 0.325518
121 0.210064 0.451970
122 0.155856 0.172638
123 0.385009 0.894264
124 0.501827 0.589130
125 0.694684 0.074832
126 0.515074 0.620796
127 0.749799 0.452236
128 0.520583 0.320901
129 0.359078 0.128090
130 0.718680 0.921502
131 0.083852 0.465294
132 0.389517 0.305940
133 0.933315 0.076583
134 0.282570 0.519183
135 0.805448 0.718339
136 0.375370 0.394631
137 0.120978 0.223183
138 0.034569 0.483909
139 0.852983 0.977352
140 0.267660 0.858249
141 0.468480 0.960619
142 0.285235 0.291055
143 0.831912 0.472634
144 0.253301 0.377941
145 0.778976 0.376271
146 0.007195 0.183279
147 0.956093 0.166262
148 0.207526 0.670350
149 0.436911 0.802033
150 0.576660 0.083679
151 0.316321 0.963346
152 0.630019 0.263406
153 0.466229 0.084228
154 0.949884 0.946627
155 0.666009 0.984236
156 0.907727 0.979827
157 0.862053 0.188332
158 0.566383 0.888403
159 0.123943 0.296752
160 0.117735 0.126373
161 0.524681 0.290276
162 0.860606 0.679173
163 0.368014 0.080641
164 0.504753 0.251044
165 0.048367 0.535100
166 0.133055 0.579819
167 0.902999 0.567756
168 0.531770 0.688434
169 0.231317 0.730485
170 0.735200 0.984252
171 0.071432 0.093840
172 0.207884 0.518754
173 0.650160 0.349832
174 0.501145 0.945747
175 0.107615 0.449553
176 0.153774 0.412163
177 0.400971 0.001902
178 0.534844 0.443880
179 0.963150 0.574697
180 0.081016 0.709061
181 0.241031 0.423202
182 0.308954 0.168776
183 0.440249 0.471606
184 0.392564 0.452783
185 0.021807 0.220366
186 0.886766 0.702370
187 0.118992 0.758793
188 0.641998 0.819482
189 0.788781 0.080185
190 0.159441 0.545994
191 0.161352 0.517295
192 0.012435 0.589987
193 0.193786 0.258074
194 0.786837 0.321228
195 0.563006 0.684762
196 0.792339 0.642797
197 0.439748 0.434065
198 0.395228 0.226846
199 0.698569 0.141836
1200
0 63
0 69
0 70
0 89
0 109
0 125
0 150
0 152
0 164
0 199
1 13
1 14
1 39
1 40
1 42
1 59
1 82
1 84
1 86
1 100
1 117
1 140
1 151
2 12
2 15
2 31
2 57
2 71
2 73
2 93
2 133
2 147
2 157
2 189
3 35
3 49
3 65
3 68
3 110
3 119
3 120
3 127
3 145
3 152
3 173
3 178
3 194
4 5
4 20
4 34
4 76
4 79
4 87
4 99
4 118
4 134
4 148
4 169
5 20
5 50
5 52
5 76
5 79
5 87
5 118
5 134
5 148
5 172
5 190
5 191
6 12
6 21
6 54
6 60
6 62
6 65
6 78
6 101
6 109
6 119
6 120
6 127
6 143
6 145
6 194
7 18
7 25
7 36
7 37
7 51
7 107
7 108
7 122
7 137
7 146
7 159
7 160
7 185
7 193
8 10
8 29
8 41
8 58
8 90
8 92
8 102
8 116
8 130
8 155
8 158
8 170
8 188
9 22
9 30
9 32
9 46
9 48
9 72
9 75
9 85
9 91
9 96
9 104
9 135
9 162
9 167
9 186
9 196
10 17
10 32
10 41
10 46
10 92
10 102
10 113
10 116
10 130
10 139
10 155
10 170
10 188
11 17
11 56
11 64
11 113
11 139
11 154
11 156
12 15
12 21
12 54
12 57
12 62
12 78
12 101
12 147
12 157
12 194
13 14
13 24
13 39
13 59
13 82
13 84
13 86
13 117
13 123
13 140
13 149
13 151
14 24
14 39
14 59
14 79
14 82
14 84
14 86
14 100
14 117
14 140
14 151
14 169
14 187
15 21
15 31
15 57
15 71
15 73
15 78
15 101
15 133
15 147
15 157
16 26
16 29
16 34
16 45
16 95
16 123
16 149
16 158
16 168
16 195
17 22
17 46
17 48
17 56
17 64
17 113
17 139
17 154
17 156
18 25
18 28
18 36
18 108
18 112
18 115
18 122
18 137
18 146
18 159
18 160
18 171
18 185
19 47
19 55
19 61
19 131
19 138
19 165
19 166
19 175
19 192
20 34
20 74
20 87
20 94
20 99
20 124
20 126
20 134
20 183
20 184
20 197
21 57
21 62
21 78
21 101
21 109
21 120
21 145
21 147
21 157
21 194
22 32
22 48
22 56
22 66
22 72
22 85
22 113
22 135
22 162
22 186
23 33
23 43
23 67
23 121
23 132
23 134
23 136
23 142
23 144
23 181
23 183
23 184
23 197
24 39
24 53
24 76
24 79
24 84
24 86
24 105
24 117
24 118
24 140
24 148
24 169
24 180
24 187
25 27
25 81
25 83
25 108
25 115
25 122
25 137
25 142
25 159
25 160
25 182
25 193
26 29
26 34
26 45
26 91
26 95
26 96
26 106
26 111
26 116
26 126
26 168
26 188
26 195
27 38
27 81
27 83
27 108
27 115
27 122
27 129
27 137
27 142
27 160
27 163
27 182
27 193
28 112
28 115
28 146
28 160
28 171
29 41
29 45
29 58
29 90
29 92
29 95
29 102
29 116
29 158
29 174
29 188
30 60
30 72
30 75
30 77
30 85
30 104
30 127
30 143
30 162
30 167
30 179
30 196
31 57
31 71
31 73
31 93
31 133
31 147
31 157
31 189
32 46
32 48
32 66
32 72
32 85
32 104
32 113
32 116
32 135
32 162
32 186
32 196
33 50
33 51
33 80
33 87
33 103
33 121
33 134
33 136
33 142
33 144
33 172
33 176
33 181
33 184
33 191
34 74
34 99
34 106
34 124
34 126
34 149
34 168
34 195
35 49
35 68
35 74
35 94
35 110
35 124
35 128
35 173
35 178
35 183
35 197
36 37
36 61
36 107
36 108
36 137
36 146
36 159
36 185
37 51
37 61
37 103
37 107
37 121
37 131
37 137
37 144
37 159
37 175
37 176
37 181
37 193
38 112
38 115
38 160
39 40
39 42
39 59
39 82
39 84
39 86
39 100
39 117
39 140
39 151
40 42
40 59
40 84
40 100
40 117
41 46
41 58
41 92
41 102
41 113
41 116
41 130
41 155
41 158
41 170
41 188
42 59
42 84
42 100
42 117
43 67
43 94
43 128
43 132
43 136
43 161
43 178
43 183
43 184
43 197
44 63
44 67
44 69
44 81
44 88
44 129
44 150
44 153
44 161
44 163
44 164
44 198
45 92
45 95
45 102
45 106
45 111
45 116
45 158
45 168
45 188
45 195
46 48
46 102
46 113
46 116
46 130
46 135
46 188
47 53
47 55
47 97
47 105
47 180
47 187
47 192
48 56
48 66
48 85
48 113
48 135
48 162
48 186
49 68
49 74
49 94
49 110
49 119
49 128
49 161
49 173
49 178
49 197
50 51
50 52
50 55
50 76
50 80
50 103
50 121
50 131
50 134
50 144
50 165
50 166
50 172
50 175
50 176
50 181
50 190
50 191
51 61
51 80
51 103
51 107
51 121
51 131
51 144
51 159
51 172
51 175
51 176
51 181
51 191
51 193
52 55
52 76
52 79
52 80
52 103
52 105
52 121
52 134
52 148
52 165
52 166
52 172
52 180
52 190
52 191
53 97
53 105
53 180
53 187
54 60
54 62
54 78
54 101
54 114
54 143
54 145
54 194
55 76
55 80
55 105
55 131
55 138
55 165
55 166
55 175
55 180
55 190
55 191
55 192
56 64
56 66
56 113
56 139
56 154
56 156
57 71
57 73
57 89
57 93
57 133
57 147
57 157
57 189
58 90
58 92
58 102
58 130
58 141
58 155
58 158
58 170
58 174
59 82
59 84
59 100
59 117
59 123
59 140
59 151
60 62
60 65
60 77
60 110
60 119
60 120
60 127
60 143
60 145
60 194
61 80
61 103
61 107
61 131
61 138
61 159
61 165
61 175
61 176
62 65
62 78
62 101
62 119
62 120
62 127
62 143
62 145
62 194
63 69
63 70
63 88
63 125
63 150
63 152
63 153
63 161
63 164
63 199
64 139
64 154
64 156
65 77
65 110
65 119
65 120
65 127
65 143
65 145
65 173
65 194
66 85
66 162
66 186
67 81
67 83
67 88
67 128
67 132
67 136
67 142
67 161
67 164
67 182
67 198
68 119
68 128
68 152
68 161
68 164
68 173
68 178
69 70
69 89
69 98
69 125
69 150
69 153
69 199
70 89
70 98
70 125
70 150
70 199
71 73
71 93
71 133
71 147
71 189
72 75
72 85
72 104
72 135
72 162
72 167
72 179
72 186
72 196
73 133
73 147
74 94
74 99
74 106
74 124
74 126
74 168
74 178
74 183
74 195
75 77
75 85
75 104
75 135
75 143
75 162
75 167
75 179
75 186
75 196
76 79
76 105
76 118
76 134
76 148
76 166
76 169
76 172
76 180
76 187
76 190
76 191
77 91
77 96
77 104
77 110
77 127
77 143
77 145
77 196
78 101
78 109
78 120
78 145
78 157
78 194
79 86
79 105
79 117
79 118
79 148
79 169
79 187
80 103
80 121
80 131
80 134
80 138
80 144
80 165
80 166
80 172
80 175
80 176
80 181
80 190
80 191
81 83
81 88
81 129
81 132
81 142
81 163
81 182
81 198
82 84
82 86
82 100
82 123
82 140
82 141
82 151
83 129
83 132
83 142
83 182
83 193
83 198
84 86
84 100
84 117
84 123
84 140
84 151
85 135
85 162
85 167
85 179
85 186
85 196
86 117
86 118
86 123
86 140
86 169
87 118
87 134
87 172
87 183
87 184
88 128
88 132
88 161
88 164
88 198
89 93
89 98
89 109
89 125
89 189
89 199
90 95
90 141
90 155
90 158
90 174
91 96
91 104
91 106
91 110
91 111
91 196
92 95
92 102
92 116
92 130
92 155
92 158
92 188
93 125
93 133
93 189
93 199
94 99
94 124
94 126
94 178
94 183
94 184
94 197
95 102
95 141
95 149
95 158
95 168
95 174
95 188
96 104
96 106
96 111
96 135
96 196
97 117
97 180
97 187
98 125
98 150
98 199
99 106
99 124
99 126
99 168
99 183
99 195
100 117
100 140
100 151
101 147
101 157
102 116
102 130
102 155
102 158
102 170
102 188
103 121
103 131
103 134
103 138
103 144
103 166
103 172
103 175
103 176
103 181
103 190
103 191
104 111
104 135
104 162
104 196
105 148
105 166
105 169
105 180
105 187
105 190
105 192
106 111
106 124
106 126
106 168
106 195
107 131
107 137
107 159
107 175
107 176
107 185
108 115
108 122
108 137
108 146
108 159
108 160
108 171
108 185
108 193
109 119
109 120
109 145
109 152
109 173
109 194
109 199
110 119
110 127
110 143
110 145
110 173
111 126
111 168
111 195
112 115
112 160
112 171
113 130
113 135
113 139
113 186
114 179
115 122
115 137
115 160
115 171
116 130
116 158
116 188
117 140
117 169
117 187
118 148
118 169
119 120
119 127
119 145
119 152
119 173
119 194
120 127
120 145
120 152
120 173
120 194
121 131
121 134
121 144
121 172
121 175
121 176
121 181
121 190
121 191
122 137
122 159
122 160
122 171
122 185
122 193
123 140
123 141
123 149
123 151
123 174
124 126
124 168
124 183
124 195
125 150
125 189
125 199
126 168
126 195
127 143
127 145
127 173
127 194
128 132
128 152
128 161
128 164
128 173
128 178
128 197
129 153
129 163
129 177
129 182
129 198
130 139
130 155
130 170
130 188
131 138
131 165
131 166
131 172
131 175
131 176
131 190
131 191
131 192
132 136
132 142
132 161
132 164
132 184
132 197
132 198
133 147
133 157
133 189
134 144
134 172
134 181
134 184
134 190
134 191
135 162
135 186
135 196
136 142
136 144
136 181
136 183
136 184
136 197
137 146
137 159
137 160
137 171
137 185
137 193
138 165
138 166
138 175
138 176
138 190
138 191
138 192
139 154
139 156
139 170
140 151
140 169
141 158
141 174
142 144
142 181
142 182
142 193
142 198
143 145
143 167
144 176
144 181
144 193
145 173
145 194
146 160
146 171
146 185
147 157
148 166
148 169
148 180
148 187
148 190
150 153
150 199
152 161
152 164
152 173
152 199
153 163
153 177
154 156
155 158
155 170
157 189
158 174
158 188
159 176
159 185
159 193
160 171
160 185
161 164
161 173
161 198
162 167
162 179
162 186
162 196
163 177
163 182
164 198
165 166
165 175
165 190
165 191
165 192
166 172
166 175
166 180
166 190
166 191
166 192
167 179
167 186
167 196
168 195
169 187
171 185
172 175
172 176
172 181
172 190
172 191
173 194
175 176
175 181
175 190
175 191
176 181
176 190
176 191
178 183
178 184
178 197
180 187
180 192
181 190
181 191
182 193
182 198
183 184
183 197
184 197
186 196
189 199
190 191
