200
0 0.920031 0.142867
1 0.160950 0.723148
2 0.833254 0.229855
3 0.213524 0.565613
4 0.234600 0.482780
5 0.612929 0.544194
6 0.366594 0.238133
7 0.052369 0.752776
8 0.779697 0.225608
9 0.660464 0.871509
10 0.190090 0.006804
11 0.070085 0.075451
12 0.945471 0.751182
13 0.290846 0.642242
14 0.413209 0.122882
15 0.002806 0.120783
16 0.438250 0.017794
17 0.800120 0.091818
18 0.730728 0.876564
19 0.901963 0.664031
20 0.950672 0.100391
21 0.731282 0.021577
22 0.316664 0.905366
23 0.705792 0.651240
24 0.492502 0.575364
25 0.502247 0.745976
26 0.781530 0.658875
27 0.142682 0.896847
28 0.465918 0.667460
29 0.363979 0.761425
30 0.088261 0.684831
31 0.034262 0.265774
32 0.085805 0.424376
33 0.344555 0.366423
34 0.857184 0.786519
35 0.642317 0.634472
36 0.899089 0.340076
37 0.779823 0.923000
38 0.199877 0.085661
39 0.005933 0.068262
40 0.552538 0.427517
41 0.600201 0.246551
42 0.530000 0.808986
43 0.141903 0.444970
44 0.408183 0.999742
45 0.783094 0.494319
46 0.839190 0.559544
47 0.635856 0.449643
48 0.556463 0.271811
49 0.900737 0.391811
50 0.255099 0.596870
51 0.910521 0.922113
52 0.343749 0.642760
53 0.595438 0.098800
54 0.735549 0.606186
55 0.523355 0.688468
56 0.549405 0.553783
57 0.041542 0.446641
58 0.591541 0.445749
59 0.944173 0.486710
60 0.862646 0.431688
61 0.100429 0.155543
62 0.784012 0.417135
63 0.680479 0.364908
64 0.227777 0.327924
65 0.879131 0.155244
66 0.582347 0.678874
67 0.829312 0.332634
68 0.503303 0.088063
69 0.817254 0.634844
70 0.006233 0.504304
71 0.859936 0.489869
72 0.686992 0.131586
73 0.737753 0.550754
74 0.499172 0.948132
75 0.901263 0.547922
76 0.300638 0.394111
77 0.887469 0.237328
78 0.044884 0.384173
79 0.543960 0.355819
80 0.796318 0.591965
81 0.952795 0.319850
82 0.337098 0.813545
83 0.194587 0.498143
84 0.157737 0.964627
85 0.580381 0.610914
86 0.749515 0.814018
87 0.133724 0.494283
88 0.285271 0.775065
89 0.645256 0.079857
90 0.412509 0.689697
91 0.683005 0.741677
92 0.830233 0.935804
93 0.263098 0.216759
94 0.309914 0.583804
95 0.994052 0.125924
96 0.445838 0.095534
97 0.731049 0.217042
98 0.355748 0.867236
99 0.013661 0.326440
100 0.084297 0.873594
101 0.421350 0.882736
102 0.285518 0.505591
103 0.970728 0.043474
104 0.672261 0.282081
105 0.780890 0.347785
106 0.207467 0.168398
107 0.996759 0.934463
108 0.918780 0.598752
109 0.362112 0.099589
110 0.609637 0.799459
111 0.322496 0.138386
112 0.802139 0.760267
113 0.711920 0.401520
114 0.461516 0.865433
115 0.387791 0.626167
116 0.846051 0.734120
117 0.425842 0.340684
118 0.582141 0.760698
119 0.696420 0.513784
120 0.357670 0.286797
121 0.435420 0.249731
122 0.762305 0.177038
123 0.115598 0.628176
124 0.494028 0.321621
125 0.878991 0.978350
126 0.021698 0.201716
127 0.456800 0.171892
128 0.662179 0.992700
129 0.448786 0.581433
130 0.682127 0.458922
131 0.969779 0.590347
132 0.786990 0.715319
133 0.113804 0.049688
134 0.818935 0.465520
135 0.302998 0.013999
136 0.255267 0.139539
137 0.970416 0.795739
138 0.684010 0.567619
139 0.514851 0.474171
140 0.625315 0.720998
141 0.862134 0.599419
142 0.392749 0.501599
143 0.910014 0.777249
144 0.998498 0.401900
145 0.971976 0.540763
146 0.306135 0.958301
147 0.804156 0.830693
148 0.372018 0.921702
149 0.688805 0.611901
150 0.715327 0.787599
151 0.211520 0.980867
152 0.567300 0.156675
153 0.002756 0.011245
154 0.863886 0.284336
155 0.103878 0.550162
156 0.481904 0.043658
157 0.969636 0.857822
158 0.205317 0.667039
159 0.497841 0.134674
160 0.049538 0.032630
161 0.159092 0.211457
162 0.947993 0.695067
163 0.138087 0.682724
164 0.782834 0.982563
165 0.162406 0.268605
166 0.629589 0.934365
167 0.575875 0.044881
168 0.417381 0.464084
169 0.599164 0.193024
170 0.446108 0.782801
171 0.008112 0.622689
172 0.966268 0.274606
173 0.830580 0.153620
174 0.528932 0.222362
175 0.317707 0.713003
176 0.396477 0.401965
177 0.317389 0.188140
178 0.393726 0.049299
179 0.709423 0.330410
180 0.524620 0.906031
181 0.452930 0.399076
182 0.108049 0.271913
183 0.950795 0.198408
184 0.255007 0.843001
185 0.482116 0.993945
186 0.878395 0.004279
187 0.304899 0.305588
188 0.127726 0.326406
189 0.395005 0.545213
190 0.428805 0.949852
191 0.748535 0.693489
192 0.493954 0.632191
193 0.258765 0.055665
194 0.199517 0.875586
195 0.540143 0.630513
196 0.641186 0.184834
197 0.213709 0.239840
198 0.143723 0.385235
199 0.296692 0.257055
800
0 2
0 20
0 65
0 77
0 95
0 103
0 173
0 183
1 7
1 30
1 123
1 158
1 163
2 8
2 65
2 67
2 77
2 97
2 122
2 154
2 173
2 183
3 4
3 13
3 50
3 83
3 87
3 94
3 102
3 123
3 155
3 158
4 43
4 50
4 76
4 83
4 87
4 102
5 35
5 47
5 56
5 58
5 85
5 119
5 130
5 138
5 139
5 149
5 195
6 93
6 111
6 117
6 120
6 121
6 127
6 177
6 187
6 199
7 30
7 163
8 65
8 67
8 77
8 97
8 104
8 105
8 122
8 154
8 173
9 18
9 86
9 110
9 128
9 150
9 166
10 38
10 133
10 135
10 193
11 15
11 39
11 61
11 133
11 153
11 160
12 19
12 34
12 116
12 137
12 143
12 157
12 162
13 50
13 52
13 94
13 115
13 158
13 175
14 16
14 68
14 96
14 109
14 111
14 127
14 156
14 159
14 177
14 178
15 39
15 61
15 126
15 153
15 160
16 68
16 96
16 109
16 156
16 178
17 21
17 65
17 72
17 122
17 173
17 186
18 37
18 86
18 92
18 147
18 150
18 164
18 166
19 26
19 46
19 69
19 75
19 108
19 116
19 131
19 141
19 143
19 162
20 65
20 95
20 103
20 183
20 186
21 72
21 89
22 82
22 98
22 101
22 146
22 148
22 184
22 190
22 194
23 26
23 35
23 54
23 69
23 73
23 80
23 91
23 132
23 138
23 140
23 149
23 191
24 28
24 55
24 56
24 85
24 115
24 129
24 139
24 189
24 192
24 195
25 28
25 42
25 55
25 66
25 90
25 110
25 118
25 170
25 192
25 195
26 46
26 54
26 69
26 73
26 80
26 112
26 116
26 132
26 141
26 149
26 191
27 84
27 100
27 151
27 194
28 55
28 66
28 90
28 115
28 129
28 170
28 192
28 195
29 52
29 82
29 88
29 90
29 98
29 170
29 175
30 123
30 158
30 163
30 171
31 78
31 99
31 126
31 182
31 188
32 43
32 57
32 70
32 78
32 87
32 99
32 188
32 198
33 76
33 117
33 120
33 168
33 176
33 181
33 187
33 199
34 86
34 112
34 116
34 132
34 137
34 143
34 147
35 54
35 66
35 85
35 91
35 138
35 140
35 149
35 191
35 195
36 49
36 60
36 67
36 77
36 81
36 105
36 144
36 154
36 172
37 86
37 92
37 125
37 147
37 164
38 61
38 106
38 133
38 136
38 193
39 133
39 153
39 160
40 47
40 58
40 79
40 124
40 139
40 181
41 48
41 79
41 104
41 152
41 169
41 174
41 196
42 55
42 110
42 114
42 118
42 170
42 180
43 57
43 78
43 83
43 87
43 155
43 188
43 198
44 74
44 101
44 146
44 148
44 185
44 190
45 46
45 54
45 60
45 62
45 71
45 73
45 80
45 113
45 119
45 130
45 134
46 54
46 69
46 71
46 73
46 75
46 80
46 108
46 134
46 141
47 58
47 63
47 113
47 119
47 130
48 79
48 104
48 124
48 152
48 169
48 174
48 196
49 59
49 60
49 62
49 67
49 71
49 81
49 134
49 144
49 154
50 52
50 83
50 94
50 102
50 158
51 92
51 107
51 125
51 157
52 90
52 94
52 115
52 129
52 175
52 189
53 68
53 72
53 89
53 152
53 159
53 167
53 169
53 196
54 69
54 73
54 80
54 119
54 132
54 138
54 149
54 191
55 66
55 85
55 90
55 118
55 140
55 170
55 192
55 195
56 58
56 85
56 129
56 139
56 192
56 195
57 70
57 78
57 87
57 155
57 198
58 63
58 79
58 130
58 139
59 60
59 71
59 75
59 108
59 131
59 144
59 145
60 62
60 67
60 71
60 75
60 105
60 134
61 106
61 126
61 133
61 161
61 182
62 63
62 67
62 71
62 105
62 113
62 130
62 134
62 179
63 104
63 105
63 113
63 130
63 179
64 76
64 93
64 165
64 187
64 188
64 197
64 198
64 199
65 77
65 95
65 122
65 173
65 183
66 85
66 91
66 118
66 140
66 192
66 195
67 77
67 105
67 154
67 179
68 96
68 127
68 152
68 156
68 159
68 167
68 178
69 73
69 75
69 80
69 108
69 116
69 132
69 141
69 191
70 155
70 171
71 75
71 80
71 134
71 141
72 89
72 97
72 122
72 152
72 169
72 196
73 80
73 119
73 130
73 134
73 138
73 149
74 101
74 114
74 180
74 185
74 190
75 80
75 108
75 131
75 134
75 141
75 145
76 102
76 120
76 176
76 187
77 81
77 154
77 172
77 173
77 183
78 99
78 188
78 198
79 117
79 124
79 139
79 181
80 108
80 138
80 141
80 149
80 191
81 144
81 154
81 172
81 183
82 88
82 98
82 101
82 148
82 170
82 175
82 184
83 87
83 102
83 155
84 100
84 151
84 194
85 138
85 140
85 149
85 192
85 195
86 91
86 112
86 132
86 147
86 150
86 191
87 155
87 198
88 98
88 175
88 184
89 152
89 167
89 169
89 196
90 115
90 129
90 170
90 175
90 192
91 110
91 112
91 118
91 132
91 140
91 150
91 191
92 125
92 147
92 164
93 106
93 111
93 120
93 136
93 161
93 165
93 177
93 187
93 197
93 199
94 102
94 115
94 142
94 189
95 103
95 183
96 109
96 127
96 156
96 159
96 178
97 104
97 122
97 173
97 179
97 196
98 101
98 114
98 146
98 148
98 184
98 190
99 182
99 188
100 194
101 114
101 148
101 170
101 180
101 190
102 142
102 189
103 186
104 169
104 179
104 196
105 113
105 154
105 179
106 111
106 136
106 161
106 165
106 177
106 197
107 157
108 131
108 141
108 145
108 162
109 111
109 127
109 135
109 136
109 177
109 178
109 193
110 118
110 140
110 150
111 136
111 177
111 178
111 193
111 199
112 116
112 132
112 143
112 147
112 150
112 191
113 119
113 130
113 179
114 148
114 170
114 180
114 190
115 129
115 175
115 189
115 192
116 132
116 143
116 147
116 162
116 191
117 120
117 121
117 124
117 176
117 181
118 140
119 130
119 138
119 149
120 121
120 176
120 177
120 187
120 199
121 124
121 127
121 174
122 173
122 196
123 155
123 158
123 163
123 171
124 174
124 181
125 164
126 182
127 152
127 159
127 174
128 164
128 166
129 142
129 168
129 189
129 192
129 195
130 138
131 141
131 145
131 162
132 147
132 150
132 191
133 153
133 160
135 178
135 193
136 161
136 177
136 193
136 197
137 143
137 157
137 162
138 149
139 168
139 181
140 150
142 168
142 176
142 181
142 189
143 147
143 157
143 162
146 148
146 151
146 190
147 150
148 190
149 191
150 191
151 194
152 159
152 167
152 169
152 174
152 196
153 160
154 172
154 183
155 171
156 159
156 167
156 178
158 163
158 175
159 167
159 169
159 174
161 165
161 182
161 188
161 197
165 182
165 188
165 197
165 198
166 180
168 176
168 181
168 189
169 174
169 196
172 183
174 196
176 181
177 187
177 197
177 199
180 185
180 190
182 188
182 197
182 198
184 194
185 190
187 197
187 199
188 197
188 198
192 195
197 199
