200
0 0.669923 0.394607
1 0.992862 0.538952
2 0.231154 0.594936
3 0.715857 0.060607
4 0.590318 0.325287
5 0.730160 0.718657
6 0.501787 0.257402
7 0.935155 0.496077
8 0.034062 0.360171
9 0.832238 0.510884
10 0.190871 0.074029
11 0.225703 0.174368
12 0.904478 0.914213
13 0.851192 0.437217
14 0.882871 0.845523
15 0.871826 0.238079
16 0.182039 0.943194
17 0.154441 0.674331
18 0.684109 0.273431
19 0.740710 0.631041
20 0.152046 0.437048
21 0.257737 0.083199
22 0.050233 0.279879
23 0.711012 0.820615
24 0.117461 0.703768
25 0.493435 0.119839
26 0.979973 0.914271
27 0.131651 0.613105
28 0.792102 0.904667
29 0.713927 0.476652
30 0.103901 0.936339
31 0.003790 0.514282
32 0.654010 0.883880
33 0.262003 0.228514
34 0.240430 0.382728
35 0.339093 0.704650
36 0.114468 0.492164
37 0.408975 0.250025
38 0.628908 0.139674
39 0.356544 0.869343
40 0.571774 0.033604
41 0.677536 0.000807
42 0.175564 0.833659
43 0.481223 0.923043
44 0.179892 0.266547
45 0.301800 0.744146
46 0.145865 0.530726
47 0.404913 0.126905
48 0.941182 0.759497
49 0.985074 0.407472
50 0.256640 0.974074
51 0.222418 0.298946
52 0.610022 0.978853
53 0.674917 0.685810
54 0.920073 0.166218
55 0.962873 0.221131
56 0.022934 0.567844
57 0.836817 0.347886
58 0.411795 0.746680
59 0.725709 0.307578
60 0.115610 0.215851
61 0.927667 0.292308
62 0.046864 0.883576
63 0.303697 0.449661
64 0.507342 0.777911
65 0.479547 0.582154
66 0.579541 0.150749
67 0.901135 0.337503
68 0.974851 0.811799
69 0.373016 0.167626
70 0.429261 0.836495
71 0.574407 0.694469
72 0.605014 0.455532
73 0.002101 0.196151
74 0.081104 0.128634
75 0.126029 0.158967
76 0.940887 0.538437
77 0.245456 0.650313
78 0.902995 0.451330
79 0.547942 0.591401
80 0.487310 0.523671
81 0.941315 0.656404
82 0.599085 0.620192
83 0.491748 0.197945
84 0.837096 0.179293
85 0.002902 0.611576
86 0.860793 0.955399
87 0.525277 0.475073
88 0.184436 0.191713
89 0.614609 0.071020
90 0.310751 0.026865
91 0.727421 0.769297
92 0.856812 0.044263
93 0.727155 0.225526
94 0.450562 0.623527
95 0.905512 0.121803
96 0.780805 0.565113
97 0.742390 0.966712
98 0.123505 0.359412
99 0.991136 0.177161
100 0.009520 0.003221
101 0.075727 0.990576
102 0.384719 0.934048
103 0.570656 0.797573
104 0.374098 0.643316
105 0.898396 0.386926
106 0.255216 0.498962
107 0.524994 0.421147
108 0.789606 0.128303
109 0.624168 0.549476
110 0.556713 0.206553
111 0.546078 0.859706
112 0.058280 0.195268
113 0.900832 0.983522
114 0.242338 0.912445
115 0.336031 0.919453
116 0.610351 0.772037
117 0.185513 0.574777
118 0.544182 0.944885
119 0.512702 0.322895
120 0.415912 0.478704
121 0.979657 0.313057
122 0.077822 0.848372
123 0.471428 0.053677
124 0.650656 0.642324
125 0.153371 0.048435
126 0.209615 0.484287
127 0.614116 0.665689
128 0.317948 0.071119
129 0.520413 0.819687
130 0.337543 0.267935
131 0.641998 0.278799
132 0.186488 0.147654
133 0.022015 0.424507
134 0.792306 0.237082
135 0.464676 0.477218
136 0.058953 0.926827
137 0.879069 0.627097
138 0.372086 0.341493
139 0.305557 0.336477
140 0.835881 0.102759
141 0.128640 0.316357
142 0.488029 0.379086
143 0.540693 0.284460
144 0.583607 0.499410
145 0.192712 0.408770
146 0.816375 0.849653
147 0.872627 0.750818
148 0.908659 0.048420
149 0.676145 0.983758
150 0.103891 0.276135
151 0.849767 0.587722
152 0.760133 0.449489
153 0.330124 0.518553
154 0.977115 0.023554
155 0.036320 0.717292
156 0.418842 0.313078
157 0.229389 0.704728
158 0.657998 0.174064
159 0.984656 0.596367
160 0.021413 0.113457
161 0.696578 0.352666
162 0.480488 0.844045
163 0.169666 0.771702
164 0.262709 0.840621
165 0.085209 0.040382
166 0.733486 0.562206
167 0.848324 0.294029
168 0.296692 0.701209
169 0.672397 0.842370
170 0.795582 0.716615
171 0.026525 0.649134
172 0.657500 0.071727
173 0.299107 0.167067
174 0.527600 0.988747
175 0.071448 0.488036
176 0.374655 0.401458
177 0.540024 0.086094
178 0.695496 0.522208
179 0.677921 0.438639
180 0.900062 0.565205
181 0.818388 0.979995
182 0.478543 0.977743
183 0.212319 0.992301
184 0.030994 0.817155
185 0.665212 0.795017
186 0.798335 0.059551
187 0.516495 0.896260
188 0.287889 0.597770
189 0.319473 0.398771
190 0.489049 0.014136
191 0.423502 0.661023
192 0.403339 0.051287
193 0.004840 0.891518
194 0.775192 0.185884
195 0.142426 0.106340
196 0.976606 0.122517
197 0.077376 0.339441
198 0.533019 0.162824
199 0.354474 0.214778
1200
0 4
0 18
0 29
0 59
0 72
0 107
0 131
0 144
0 152
0 161
0 178
0 179
1 7
1 49
1 76
1 78
1 81
1 137
1 151
1 159
1 180
2 17
2 27
2 35
2 36
2 46
2 77
2 104
2 106
2 117
2 126
2 153
2 157
2 168
2 188
3 38
3 40
3 41
3 89
3 92
3 108
3 140
3 158
3 172
3 186
3 194
4 6
4 18
4 59
4 72
4 107
4 110
4 119
4 131
4 142
4 143
4 161
4 179
5 19
5 23
5 53
5 91
5 116
5 124
5 127
5 147
5 169
5 170
5 185
6 25
6 37
6 66
6 83
6 110
6 119
6 131
6 138
6 142
6 143
6 156
6 198
6 199
7 9
7 13
7 49
7 76
7 78
7 105
7 137
7 151
7 159
7 180
8 20
8 22
8 36
8 98
8 133
8 141
8 150
8 175
8 197
9 13
9 19
9 29
9 76
9 78
9 96
9 105
9 137
9 151
9 152
9 166
9 178
9 180
10 11
10 21
10 74
10 75
10 88
10 90
10 125
10 128
10 132
10 165
10 173
10 195
11 21
11 33
11 44
11 51
11 60
11 69
11 74
11 75
11 88
11 125
11 128
11 130
11 132
11 173
11 195
11 199
12 14
12 26
12 28
12 68
12 86
12 113
12 146
12 181
13 29
13 49
13 57
13 67
13 76
13 78
13 96
13 105
13 151
13 152
13 167
13 180
14 26
14 28
14 48
14 68
14 86
14 113
14 146
14 147
14 170
14 181
15 54
15 55
15 57
15 61
15 67
15 84
15 93
15 95
15 99
15 105
15 108
15 121
15 134
15 140
15 167
15 194
16 30
16 42
16 50
16 62
16 101
16 114
16 122
16 136
16 164
16 183
17 24
17 27
17 46
17 77
17 117
17 155
17 157
17 163
17 168
17 171
17 188
18 38
18 59
18 93
18 110
18 131
18 134
18 143
18 158
18 161
18 194
19 53
19 82
19 91
19 96
19 109
19 124
19 127
19 137
19 151
19 166
19 170
19 178
20 34
20 36
20 46
20 51
20 63
20 98
20 106
20 117
20 126
20 133
20 141
20 145
20 175
20 197
21 33
21 47
21 69
21 75
21 88
21 90
21 125
21 128
21 132
21 173
21 192
21 195
22 44
22 60
22 73
22 74
22 75
22 98
22 112
22 133
22 141
22 150
22 197
23 28
23 32
23 53
23 91
23 97
23 103
23 116
23 146
23 169
23 170
23 185
24 27
24 42
24 77
24 85
24 117
24 122
24 155
24 157
24 163
24 171
24 184
25 37
25 38
25 40
25 47
25 66
25 69
25 83
25 89
25 110
25 123
25 177
25 190
25 192
25 198
26 68
26 86
26 113
27 36
27 46
27 56
27 77
27 85
27 117
27 126
27 155
27 157
27 171
27 175
28 32
28 86
28 91
28 97
28 113
28 146
28 149
28 169
28 181
29 72
29 96
29 109
29 144
29 152
29 161
29 166
29 178
29 179
30 42
30 62
30 101
30 114
30 122
30 136
30 183
30 184
30 193
31 36
31 46
31 56
31 85
31 133
31 171
31 175
32 52
32 91
32 97
32 103
32 111
32 116
32 118
32 129
32 149
32 169
32 185
32 187
33 37
33 44
33 51
33 60
33 69
33 75
33 88
33 130
33 132
33 139
33 173
33 199
34 44
34 51
34 63
34 98
34 106
34 126
34 130
34 138
34 139
34 141
34 145
34 176
34 189
35 45
35 58
35 77
35 94
35 104
35 157
35 168
35 188
35 191
36 46
36 56
36 98
36 106
36 117
36 126
36 133
36 145
36 175
37 47
37 69
37 83
37 110
37 119
37 130
37 138
37 139
37 142
37 143
37 156
37 173
37 176
37 198
37 199
38 40
38 41
38 66
38 83
38 89
38 93
38 110
38 131
38 158
38 172
38 177
38 194
38 198
39 43
39 45
39 50
39 58
39 70
39 102
39 114
39 115
39 162
39 164
40 41
40 66
40 89
40 123
40 172
40 177
40 190
40 198
41 89
41 172
41 186
42 45
42 62
42 114
42 122
42 136
42 157
42 163
42 164
42 184
43 52
43 64
43 70
43 102
43 103
43 111
43 115
43 118
43 129
43 162
43 174
43 182
43 187
44 51
44 60
44 75
44 88
44 98
44 112
44 132
44 139
44 141
44 145
44 150
44 173
44 197
45 58
45 77
45 104
45 157
45 163
45 164
45 168
45 188
45 191
46 56
46 77
46 106
46 117
46 126
46 145
46 175
47 69
47 83
47 90
47 123
47 128
47 173
47 177
47 190
47 192
47 198
47 199
48 68
48 81
48 137
48 146
48 147
48 170
49 61
49 67
49 76
49 78
49 105
49 121
50 102
50 114
50 115
50 164
50 183
51 60
51 88
51 98
51 130
51 132
51 138
51 139
51 141
51 145
51 150
51 173
51 189
51 197
52 97
52 111
52 118
52 149
52 169
52 174
52 182
52 187
53 71
53 82
53 91
53 103
53 109
53 116
53 124
53 127
53 166
53 170
53 185
54 55
54 61
54 84
54 92
54 95
54 99
54 108
54 134
54 140
54 148
54 154
54 167
54 194
54 196
55 61
55 67
55 84
55 95
55 99
55 121
55 167
55 196
56 85
56 133
56 155
56 171
56 175
57 59
57 61
57 67
57 78
57 105
57 121
57 134
57 152
57 161
57 167
58 64
58 70
58 94
58 104
58 129
58 162
58 168
58 191
59 93
59 131
59 134
59 152
59 158
59 161
59 167
59 179
59 194
60 73
60 74
60 75
60 88
60 98
60 112
60 132
60 141
60 150
60 160
60 195
60 197
61 67
61 84
61 99
61 105
61 121
61 134
61 167
62 101
62 122
62 136
62 184
62 193
63 106
63 120
63 126
63 138
63 139
63 145
63 153
63 176
63 188
63 189
64 70
64 71
64 103
64 111
64 116
64 127
64 129
64 162
64 187
64 191
65 71
65 79
65 80
65 82
65 87
65 94
65 104
65 109
65 120
65 135
65 144
65 191
66 83
66 89
66 110
66 123
66 131
66 143
66 158
66 172
66 177
66 198
67 78
67 105
67 121
67 134
67 167
68 147
69 83
69 90
69 123
69 128
69 130
69 156
69 173
69 192
69 199
70 102
70 103
70 111
70 115
70 129
70 162
70 182
70 187
71 79
71 82
71 94
71 103
71 109
71 116
71 124
71 127
71 129
71 185
71 191
72 79
72 80
72 87
72 107
72 109
72 135
72 142
72 144
72 152
72 161
72 178
72 179
73 74
73 75
73 112
73 150
73 160
74 75
74 88
74 100
74 112
74 125
74 132
74 150
74 160
74 165
74 195
75 88
75 112
75 125
75 132
75 150
75 160
75 165
75 195
76 78
76 81
76 137
76 151
76 159
76 180
77 104
77 106
77 117
77 157
77 163
77 168
77 188
78 105
78 151
78 152
78 180
79 80
79 82
79 87
79 94
79 109
79 124
79 127
79 135
79 144
79 191
80 82
80 87
80 94
80 107
80 109
80 120
80 135
80 142
80 144
80 191
81 137
81 147
81 151
81 159
81 180
82 94
82 109
82 116
82 124
82 127
82 144
82 166
82 178
83 110
83 119
83 123
83 143
83 156
83 177
83 198
83 199
84 92
84 93
84 95
84 99
84 108
84 134
84 140
84 148
84 167
84 186
84 194
84 196
85 155
85 171
85 175
86 97
86 113
86 146
86 181
87 107
87 109
87 119
87 120
87 135
87 142
87 144
88 112
88 125
88 132
88 141
88 150
88 173
88 195
89 110
89 123
89 158
89 172
89 177
89 190
89 198
90 128
90 173
90 192
91 116
91 124
91 127
91 146
91 147
91 169
91 170
91 185
92 95
92 108
92 140
92 148
92 154
92 186
92 196
93 108
93 131
93 134
93 158
93 161
93 167
93 194
94 104
94 120
94 135
94 191
95 99
95 108
95 140
95 148
95 154
95 186
95 194
95 196
96 124
96 137
96 151
96 152
96 166
96 170
96 178
96 180
97 146
97 149
97 169
97 181
98 126
98 133
98 141
98 145
98 150
98 175
98 197
99 121
99 148
99 154
99 196
100 125
100 160
100 165
101 122
101 136
101 183
101 193
102 114
102 115
102 162
102 164
102 174
102 182
102 187
103 111
103 116
103 118
103 127
103 129
103 162
103 169
103 185
103 187
104 153
104 168
104 188
104 191
105 121
105 152
105 167
106 117
106 126
106 145
106 153
106 176
106 188
106 189
107 119
107 120
107 135
107 142
107 143
107 144
107 156
107 176
107 179
108 134
108 140
108 148
108 158
108 172
108 186
108 194
109 124
109 127
109 144
109 166
109 178
109 179
110 119
110 131
110 143
110 158
110 177
110 198
111 116
111 118
111 129
111 162
111 169
111 174
111 182
111 185
111 187
112 132
112 141
112 150
112 160
112 195
112 197
113 181
114 115
114 164
114 183
115 164
115 182
115 183
116 124
116 127
116 129
116 162
116 169
116 185
116 187
117 126
117 153
117 157
117 175
117 188
118 129
118 149
118 162
118 174
118 182
118 187
119 131
119 138
119 142
119 143
119 156
120 135
120 138
120 142
120 153
120 176
120 189
121 167
122 136
122 155
122 163
122 184
122 193
123 128
123 177
123 190
123 192
123 198
124 127
124 166
124 178
124 185
125 132
125 160
125 165
125 195
126 145
126 153
126 175
126 188
126 189
127 185
128 132
128 173
128 192
128 199
129 162
129 169
129 185
129 187
130 138
130 139
130 156
130 173
130 176
130 189
130 199
131 143
131 158
131 161
132 150
132 165
132 173
132 195
133 141
133 175
133 197
134 140
134 158
134 161
134 167
134 194
135 142
135 144
135 153
135 176
136 184
136 193
137 147
137 151
137 159
137 170
137 180
138 139
138 142
138 156
138 176
138 189
138 199
139 145
139 156
139 176
139 189
139 199
140 148
140 186
140 194
140 196
141 145
141 150
141 197
142 143
142 144
142 156
142 176
143 156
143 198
144 178
144 179
145 175
145 189
145 197
146 147
146 169
146 170
146 181
147 170
148 154
148 186
148 196
149 169
149 174
149 181
150 197
151 159
151 166
151 170
151 180
152 161
152 166
152 178
152 179
153 176
153 188
153 189
154 196
155 163
155 171
155 184
156 176
156 189
156 199
157 163
157 164
157 168
157 188
158 172
158 177
158 194
158 198
159 180
160 165
160 195
161 179
162 174
162 182
162 187
163 164
163 168
163 184
164 168
165 195
166 178
166 179
167 194
168 188
168 191
169 185
170 185
172 177
172 186
172 198
173 199
174 182
174 187
175 197
176 189
177 190
177 192
177 198
178 179
182 187
184 193
186 194
188 191
190 192
190 198
