200
0 0.208506 0.198127
1 0.757458 0.367079
2 0.625340 0.569936
3 0.834883 0.901306
4 0.395342 0.736033
5 0.304628 0.892951
6 0.243828 0.504631
7 0.970429 0.900980
8 0.338452 0.662246
9 0.009754 0.614044
10 0.369641 0.779863
11 0.348367 0.484730
12 0.782971 0.929959
13 0.464241 0.599095
14 0.012509 0.978106
15 0.452765 0.900760
16 0.631531 0.688086
17 0.080707 0.417182
18 0.310666 0.610865
19 0.858106 0.320295
20 0.353390 0.615514
21 0.865350 0.494510
22 0.364935 0.964064
23 0.186864 0.782164
24 0.303049 0.032511
25 0.323431 0.229802
26 0.757696 0.136612
27 0.811636 0.433826
28 0.173657 0.825329
29 0.094046 0.891887
30 0.164330 0.338016
31 0.797245 0.040609
32 0.360146 0.390176
33 0.236882 0.831075
34 0.827126 0.597522
35 0.597448 0.325799
36 0.916926 0.926094
37 0.007456 0.088821
38 0.536198 0.564034
39 0.695318 0.041831
40 0.650934 0.433027
41 0.925751 0.412347
42 0.113157 0.753672
43 0.487111 0.281616
44 0.692479 0.153390
45 0.171872 0.537317
46 0.916370 0.501538
47 0.713431 0.585017
48 0.258071 0.898080
49 0.011690 0.372664
50 0.322599 0.705808
51 0.158717 0.016234
52 0.681098 0.981442
53 0.316772 0.284481
54 0.995618 0.649476
55 0.668151 0.490998
56 0.414373 0.230585
57 0.734330 0.801248
58 0.546060 0.842788
59 0.401838 0.615504
60 0.444347 0.379664
61 0.851951 0.957936
62 0.540605 0.302470
63 0.490316 0.697968
64 0.924147 0.123306
65 0.666810 0.599082
66 0.597382 0.100342
67 0.289614 0.800297
68 0.606843 0.790323
69 0.848686 0.262585
70 0.471391 0.971577
71 0.023514 0.150890
72 0.164272 0.225962
73 0.874532 0.842159
74 0.973421 0.559806
75 0.661166 0.802702
76 0.998872 0.187738
77 0.964726 0.783798
78 0.841624 0.009876
79 0.248777 0.940462
80 0.812895 0.862486
81 0.091641 0.510476
82 0.919902 0.193085
83 0.846742 0.075237
84 0.134971 0.509665
85 0.269888 0.715311
86 0.711618 0.428541
87 0.444255 0.089577
88 0.202724 0.608890
89 0.174585 0.411363
90 0.621794 0.492695
91 0.775272 0.200245
92 0.631188 0.387613
93 0.745743 0.712782
94 0.861311 0.784890
95 0.997801 0.097511
96 0.307077 0.337469
97 0.794533 0.649931
98 0.670713 0.875303
99 0.710491 0.370000
100 0.674329 0.755060
101 0.943816 0.662397
102 0.382333 0.835233
103 0.429286 0.014324
104 0.210313 0.322132
105 0.517172 0.426080
106 0.104612 0.999983
107 0.056990 0.001291
108 0.121336 0.561683
109 0.079405 0.111308
110 0.511453 0.340566
111 0.388511 0.663853
112 0.526327 0.130764
113 0.712218 0.247218
114 0.121578 0.647551
115 0.112876 0.708109
116 0.268798 0.185458
117 0.111937 0.808136
118 0.517961 0.754437
119 0.906416 0.572439
120 0.537123 0.958811
121 0.889598 0.746190
122 0.073078 0.602573
123 0.221196 0.663715
124 0.276103 0.979284
125 0.968516 0.478218
126 0.107241 0.173352
127 0.955432 0.231030
128 0.609100 0.425732
129 0.021871 0.519214
130 0.933356 0.268594
131 0.962222 0.985313
132 0.890125 0.026571
133 0.796151 0.726873
134 0.763138 0.256838
135 0.062224 0.833365
136 0.124755 0.923860
137 0.220733 0.132884
138 0.334947 0.854491
139 0.470678 0.816626
140 0.332479 0.101205
141 0.644112 0.915242
142 0.984335 0.286965
143 0.560045 0.894579
144 0.587554 0.689161
145 0.692170 0.697208
146 0.212578 0.452318
147 0.059714 0.733093
148 0.754338 0.426651
149 0.559310 0.766609
150 0.067089 0.316171
151 0.524720 0.022002
152 0.130406 0.310754
153 0.631883 0.232691
154 0.873566 0.445422
155 0.047049 0.907836
156 0.189753 0.931164
157 0.171055 0.152783
158 0.272747 0.629933
159 0.588948 0.015599
160 0.097709 0.072514
161 0.333860 0.183505
162 0.937963 0.745905
163 0.288126 0.082781
164 0.772961 0.082718
165 0.822188 0.373610
166 0.395301 0.067319
167 0.012232 0.010923
168 0.927521 0.609568
169 0.495301 0.079739
170 0.480942 0.198729
171 0.556059 0.513397
172 0.580514 0.178620
173 0.599825 0.994704
174 0.596299 0.863387
175 0.677672 0.328434
176 0.976518 0.830567
177 0.404187 0.991891
178 0.178857 0.276195
179 0.285787 0.496718
180 0.768307 0.565594
181 0.414643 0.437387
182 0.644709 0.049088
183 0.181550 0.731739
184 0.255929 0.003489
185 0.416753 0.519468
186 0.930193 0.330161
187 0.583440 0.615692
188 0.356104 0.534402
189 0.912171 0.979531
190 0.082973 0.247067
191 0.186931 0.086887
192 0.013259 0.661109
193 0.508436 0.640491
194 0.208229 0.016451
195 0.479425 0.037817
196 0.776257 0.517376
197 0.365888 0.155496
198 0.786212 0.786079
199 0.319502 0.450302
1000
0 25
0 53
0 72
0 104
0 116
0 126
0 137
0 152
0 157
0 161
0 163
0 178
0 190
0 191
1 19
1 27
1 40
1 69
1 86
1 92
1 99
1 113
1 134
1 148
1 154
1 165
1 175
2 16
2 38
2 40
2 47
2 55
2 65
2 90
2 144
2 171
2 187
2 193
3 7
3 12
3 36
3 57
3 61
3 73
3 80
3 94
3 189
3 198
4 8
4 10
4 20
4 50
4 59
4 63
4 67
4 85
4 102
4 111
4 118
4 138
4 139
5 10
5 22
5 33
5 48
5 67
5 79
5 102
5 124
5 138
5 156
5 177
6 11
6 18
6 45
6 84
6 88
6 89
6 108
6 146
6 158
6 179
6 188
6 199
7 36
7 61
7 73
7 77
7 131
7 176
7 189
8 10
8 13
8 18
8 20
8 50
8 59
8 85
8 111
8 123
8 158
8 188
9 81
9 108
9 114
9 115
9 122
9 129
9 147
9 192
10 50
10 67
10 85
10 102
10 111
10 138
10 139
11 18
11 20
11 32
11 59
11 146
11 179
11 181
11 185
11 188
11 199
12 36
12 52
12 57
12 61
12 73
12 80
12 98
12 141
12 189
13 20
13 38
13 59
13 63
13 111
13 171
13 185
13 187
13 188
13 193
14 29
14 106
14 136
14 155
15 22
15 58
15 70
15 102
15 120
15 138
15 139
15 143
15 177
16 47
16 63
16 65
16 68
16 75
16 93
16 100
16 118
16 144
16 145
16 149
16 187
16 193
17 30
17 49
17 81
17 84
17 89
17 129
17 146
17 150
17 152
18 20
18 50
18 59
18 85
18 88
18 111
18 123
18 158
18 179
18 185
18 188
19 27
19 41
19 69
19 82
19 127
19 130
19 134
19 142
19 154
19 165
19 186
20 50
20 59
20 85
20 111
20 123
20 158
20 179
20 185
20 188
21 27
21 34
21 41
21 46
21 74
21 119
21 125
21 148
21 154
21 165
21 168
21 180
21 196
22 48
22 70
22 79
22 102
22 124
22 138
22 177
23 28
23 33
23 42
23 48
23 67
23 85
23 115
23 117
23 123
23 135
23 147
23 183
24 103
24 137
24 140
24 163
24 166
24 184
24 191
24 194
24 197
25 53
25 56
25 96
25 116
25 137
25 140
25 161
25 197
26 31
26 39
26 44
26 83
26 91
26 113
26 134
26 164
27 41
27 46
27 86
27 99
27 148
27 154
27 165
27 180
27 196
28 29
28 33
28 42
28 48
28 67
28 79
28 115
28 117
28 135
28 136
28 156
28 183
29 42
29 106
29 117
29 135
29 136
29 155
29 156
30 72
30 89
30 104
30 146
30 150
30 152
30 178
30 190
31 39
31 78
31 83
31 132
31 164
32 53
32 60
32 96
32 179
32 181
32 185
32 199
33 48
33 67
33 79
33 85
33 117
33 138
33 156
33 183
34 46
34 47
34 93
34 97
34 101
34 119
34 133
34 168
34 180
34 196
35 40
35 43
35 62
35 92
35 99
35 105
35 110
35 113
35 128
35 153
35 175
36 61
36 73
36 80
36 131
36 176
36 189
37 71
37 107
37 109
37 126
37 160
37 167
38 63
38 65
38 90
38 105
38 144
38 171
38 185
38 187
38 193
39 44
39 66
39 159
39 164
39 182
40 55
40 86
40 90
40 92
40 99
40 105
40 128
40 148
40 171
40 175
41 46
41 125
41 142
41 154
41 165
41 186
42 114
42 115
42 117
42 123
42 135
42 147
42 183
42 192
43 56
43 60
43 62
43 110
43 170
43 172
44 66
44 91
44 113
44 134
44 153
44 164
44 172
44 182
45 81
45 84
45 88
45 89
45 108
45 114
45 122
45 123
45 146
45 158
45 179
46 74
46 119
46 125
46 154
46 168
46 196
47 55
47 65
47 90
47 93
47 97
47 145
47 180
47 187
47 196
48 67
48 79
48 102
48 124
48 136
48 138
48 156
49 150
49 152
50 59
50 67
50 85
50 111
50 123
50 158
51 107
51 109
51 137
51 157
51 160
51 184
51 191
51 194
52 98
52 141
52 173
53 56
53 96
53 104
53 116
53 161
53 178
53 197
54 74
54 77
54 101
54 119
54 162
54 168
55 65
55 86
55 90
55 92
55 99
55 128
55 148
55 171
55 180
55 196
56 161
56 170
56 197
57 68
57 75
57 80
57 93
57 94
57 98
57 100
57 133
57 145
57 198
58 68
58 75
58 98
58 118
58 120
58 139
58 141
58 143
58 149
58 174
59 63
59 111
59 158
59 185
59 188
59 193
60 62
60 105
60 110
60 181
61 73
61 80
61 131
61 189
62 92
62 105
62 110
62 128
62 153
62 170
62 172
62 175
63 111
63 118
63 139
63 144
63 149
63 187
63 193
64 76
64 78
64 82
64 83
64 95
64 127
64 132
65 90
65 93
65 97
65 144
65 145
65 171
65 180
65 187
65 196
66 112
66 151
66 153
66 159
66 169
66 172
66 182
66 195
67 85
67 102
67 138
67 183
68 75
68 98
68 100
68 118
68 139
68 141
68 143
68 144
68 145
68 149
68 174
69 82
69 91
69 113
69 127
69 130
69 134
69 142
69 165
69 186
70 120
70 143
70 173
70 177
71 109
71 126
71 160
71 167
71 190
72 104
72 116
72 126
72 137
72 150
72 152
72 157
72 178
72 190
72 191
73 77
73 80
73 94
73 121
73 133
73 162
73 176
73 198
74 101
74 119
74 125
74 168
75 93
75 98
75 100
75 141
75 143
75 144
75 145
75 149
75 174
75 198
76 82
76 95
76 127
76 130
76 142
77 94
77 101
77 121
77 162
77 176
78 83
78 132
78 164
79 124
79 136
79 138
79 156
80 94
80 121
80 133
80 198
81 84
81 89
81 108
81 114
81 122
81 129
81 146
82 83
82 95
82 127
82 130
82 142
82 186
83 132
83 164
84 88
84 89
84 108
84 114
84 122
84 129
84 146
85 88
85 111
85 123
85 158
85 183
86 90
86 92
86 99
86 128
86 148
86 165
86 175
86 196
87 103
87 112
87 140
87 151
87 166
87 169
87 170
87 195
87 197
88 108
88 114
88 115
88 122
88 123
88 158
88 179
88 183
89 104
89 146
89 152
89 178
89 179
90 92
90 105
90 128
90 171
90 187
91 113
91 134
91 164
92 99
92 105
92 110
92 128
92 148
92 175
93 94
93 97
93 100
93 133
93 145
93 198
94 121
94 133
94 162
94 176
94 198
95 127
95 132
96 104
96 178
96 199
97 119
97 121
97 133
97 145
97 168
97 180
97 196
97 198
98 100
98 141
98 143
98 173
98 174
99 113
99 128
99 134
99 148
99 165
99 175
100 133
100 144
100 145
100 149
100 174
100 198
101 119
101 121
101 162
101 168
102 138
102 139
103 140
103 151
103 166
103 169
103 195
104 146
104 152
104 178
105 110
105 128
105 171
105 181
105 185
106 136
106 155
106 156
107 109
107 160
107 167
108 114
108 122
108 129
109 126
109 157
109 160
109 167
109 190
109 191
110 128
110 181
111 158
111 188
111 193
112 151
112 159
112 169
112 170
112 172
112 195
113 134
113 153
113 175
114 115
114 122
114 123
114 147
114 183
114 192
115 117
115 122
115 123
115 135
115 147
115 183
115 192
116 137
116 140
116 157
116 161
116 163
116 178
116 191
116 197
117 135
117 136
117 147
117 155
117 183
118 139
118 144
118 149
118 174
118 193
119 125
119 154
119 168
119 180
119 196
120 141
120 143
120 173
120 174
120 177
121 133
121 162
121 168
121 176
121 198
122 129
122 147
122 192
123 158
123 183
124 138
124 156
124 177
125 154
125 168
126 137
126 152
126 157
126 160
126 178
126 190
126 191
127 130
127 142
127 186
128 171
128 175
130 142
130 186
131 189
132 164
133 145
133 198
134 153
134 165
134 175
135 136
135 147
135 155
136 155
136 156
137 140
137 157
137 160
137 161
137 163
137 184
137 191
137 194
138 139
139 143
139 149
139 174
140 161
140 163
140 166
140 184
140 197
141 143
141 173
141 174
142 186
143 149
143 173
143 174
144 145
144 149
144 187
144 193
145 187
145 198
146 179
146 199
147 183
147 192
148 154
148 165
148 175
148 180
148 196
149 174
149 193
150 152
150 178
150 190
151 159
151 166
151 169
151 182
151 195
152 178
152 190
153 172
153 175
154 165
154 186
154 196
157 160
157 163
157 178
157 190
157 191
157 194
158 179
158 183
158 188
159 169
159 182
159 195
160 167
160 191
160 194
161 163
161 166
161 197
162 168
162 176
163 166
163 184
163 191
163 194
163 197
164 182
165 186
166 169
166 195
166 197
169 170
169 172
169 195
170 172
170 197
171 185
171 187
171 193
173 174
178 190
179 181
179 185
179 188
179 199
180 196
181 185
181 188
181 199
184 191
184 194
185 188
185 199
187 193
188 199
191 194
