1000
0 0.100102 0.264656
1 0.864639 0.624759
2 0.449735 0.857818
3 0.821439 0.506613
4 0.965571 0.691675
5 0.055365 0.208555
6 0.732567 0.824967
7 0.611508 0.038961
8 0.187194 0.873868
9 0.968514 0.913116
10 0.118813 0.242678
11 0.351567 0.096738
12 0.899087 0.987263
13 0.166971 0.082337
14 0.969862 0.707940
15 0.913776 0.527980
16 0.693743 0.982150
17 0.181712 0.264048
18 0.810804 0.694937
19 0.112468 0.582237
20 0.507912 0.800807
21 0.191715 0.212147
22 0.093646 0.159936
23 0.570762 0.122911
24 0.539769 0.069823
25 0.239713 0.095891
26 0.139337 0.507172
27 0.970500 0.736536
28 0.844576 0.721720
29 0.949604 0.840047
30 0.963349 0.170450
31 0.875737 0.748393
32 0.084237 0.662139
33 0.028779 0.145502
34 0.921737 0.835704
35 0.921019 0.202158
36 0.884441 0.735181
37 0.802560 0.138158
38 0.177772 0.576282
39 0.148363 0.700523
40 0.048613 0.600116
41 0.352557 0.079803
42 0.725323 0.027757
43 0.505643 0.820066
44 0.194379 0.188953
45 0.838364 0.260655
46 0.731444 0.940890
47 0.073665 0.485229
48 0.684901 0.899340
49 0.407850 0.928043
50 0.750476 0.988889
51 0.916559 0.756344
52 0.805474 0.669058
53 0.121419 0.459826
54 0.094581 0.746700
55 0.087028 0.769896
56 0.353854 0.146067
57 0.437209 0.992448
58 0.586774 0.861337
59 0.235010 0.010283
60 0.861744 0.952785
61 0.550323 0.056773
62 0.990956 0.784870
63 0.567866 0.831134
64 0.966618 0.484809
65 0.853197 0.314069
66 0.182023 0.792587
67 0.618478 0.131299
68 0.388267 0.188767
69 0.151811 0.246054
70 0.070802 0.028845
71 0.255716 0.829718
72 0.232920 0.968766
73 0.529799 0.004474
74 0.591643 0.136619
75 0.948657 0.669012
76 0.529402 0.845118
77 0.381006 0.822593
78 0.067834 0.056405
79 0.232453 0.055967
80 0.856723 0.182091
81 0.137935 0.891434
82 0.994750 0.236545
83 0.499578 0.128953
84 0.424810 0.074780
85 0.904706 0.469605
86 0.706277 0.086888
87 0.902961 0.348515
88 0.830645 0.045761
89 0.887181 0.325248
90 0.148686 0.627934
91 0.128402 0.575888
92 0.900713 0.242700
93 0.043513 0.758564
94 0.671435 0.871805
95 0.228957 0.073763
96 0.100547 0.717727
97 0.088607 0.124419
98 0.891398 0.211137
99 0.836781 0.406491
100 0.164411 0.170181
101 0.819664 0.903365
102 0.438962 0.835624
103 0.958699 0.506191
104 0.896625 0.124436
105 0.189853 0.033906
106 0.466750 0.035869
107 0.009040 0.599354
108 0.917218 0.813975
109 0.904774 0.706027
110 0.141425 0.556471
111 0.589819 0.080729
112 0.564231 0.042737
113 0.823108 0.839190
114 0.344280 0.041430
115 0.122051 0.598279
116 0.054011 0.247488
117 0.587069 0.937340
118 0.985063 0.816507
119 0.619046 0.990126
120 0.034532 0.898346
121 0.145435 0.110956
122 0.053673 0.465933
123 0.121699 0.826225
124 0.970831 0.140354
125 0.858367 0.093685
126 0.822123 0.646227
127 0.811802 0.585887
128 0.912969 0.149925
129 0.880271 0.430893
130 0.559176 0.163884
131 0.952973 0.015203
132 0.871714 0.042215
133 0.810688 0.488282
134 0.921182 0.318655
135 0.647091 0.885342
136 0.281388 0.153063
137 0.052852 0.405576
138 0.157789 0.154112
139 0.899123 0.787932
140 0.184271 0.154130
141 0.006138 0.842419
142 0.192690 0.097368
143 0.848303 0.202410
144 0.640712 0.167836
145 0.391996 0.960917
146 0.692905 0.925588
147 0.064968 0.840471
148 0.877215 0.564329
149 0.731727 0.851528
150 0.591815 0.167895
151 0.401718 0.993461
152 0.929239 0.125496
153 0.099041 0.066057
154 0.517094 0.074637
155 0.822601 0.063319
156 0.362071 0.843922
157 0.892198 0.147756
158 0.885495 0.808557
159 0.098485 0.107811
160 0.033278 0.739605
161 0.858754 0.691939
162 0.562282 0.181728
163 0.883031 0.770298
164 0.442472 0.951741
165 0.173630 0.987327
166 0.618100 0.112788
167 0.971753 0.531908
168 0.196149 0.619623
169 0.395052 0.112521
170 0.246358 0.908715
171 0.903309 0.387647
172 0.419662 0.053998
173 0.999698 0.555490
174 0.184760 0.370915
175 0.879078 0.900407
176 0.885747 0.374151
177 0.922402 0.265226
178 0.850879 0.861956
179 0.082379 0.972554
180 0.114811 0.104795
181 0.180610 0.927041
182 0.387554 0.054447
183 0.981379 0.374539
184 0.180500 0.291450
185 0.920288 0.009256
186 0.700817 0.036112
187 0.545830 0.185258
188 0.073640 0.646846
189 0.202642 0.817058
190 0.079076 0.301131
191 0.107461 0.792584
192 0.578860 0.056978
193 0.967591 0.208375
194 0.878850 0.997786
195 0.314425 0.953739
196 0.804895 0.820284
197 0.998296 0.646691
198 0.559316 0.947158
199 0.853241 0.250377
200 0.853867 0.909473
201 0.823962 0.149149
202 0.153424 0.313876
203 0.440060 0.895614
204 0.078575 0.365317
205 0.797872 0.068226
206 0.701836 0.880228
207 0.141692 0.826234
208 0.000173 0.552336
209 0.190023 0.016334
210 0.286050 0.925623
211 0.764145 0.870136
212 0.823538 0.617845
213 0.475456 0.177005
214 0.013322 0.302875
215 0.239680 0.842422
216 0.624013 0.825457
217 0.925518 0.871140
218 0.064136 0.011043
219 0.502627 0.030291
220 0.869091 0.867266
221 0.636429 0.037970
222 0.295451 0.845490
223 0.842428 0.073656
224 0.052401 0.505758
225 0.092626 0.009352
226 0.859636 0.280601
227 0.188979 0.411916
228 0.963027 0.467004
229 0.718124 0.809191
230 0.882626 0.915865
231 0.370808 0.136606
232 0.208984 0.091986
233 0.235400 0.152926
234 0.114441 0.297514
235 0.152997 0.657486
236 0.116501 0.655773
237 0.575897 0.976582
238 0.067699 0.087010
239 0.098042 0.691740
240 0.026410 0.321683
241 0.170139 0.207322
242 0.707588 0.067663
243 0.991822 0.894219
244 0.030895 0.490163
245 0.148113 0.923310
246 0.516448 0.857565
247 0.115528 0.915764
248 0.929021 0.671999
249 0.118272 0.957943
250 0.421544 0.894581
251 0.089010 0.045359
252 0.858314 0.554961
253 0.704945 0.855845
254 0.842975 0.645750
255 0.375690 0.940615
256 0.346648 0.960518
257 0.933943 0.934981
258 0.954406 0.628598
259 0.509173 0.172714
260 0.165974 0.050458
261 0.464054 0.881154
262 0.554375 0.125022
263 0.754188 0.170967
264 0.087066 0.825010
265 0.341075 0.111291
266 0.872858 0.354157
267 0.909872 0.227759
268 0.165550 0.430275
269 0.061549 0.991124
270 0.196631 0.323437
271 0.251579 0.931636
272 0.659115 0.912578
273 0.623841 0.183364
274 0.508587 0.887337
275 0.688108 0.195304
276 0.350530 0.938900
277 0.014427 0.671737
278 0.014576 0.189803
279 0.139983 0.058917
280 0.814109 0.207652
281 0.956067 0.255828
282 0.659053 0.112661
283 0.098946 0.373185
284 0.363173 0.910856
285 0.166146 0.729981
286 0.997753 0.504429
287 0.516308 0.057472
288 0.796309 0.003184
289 0.456573 0.054224
290 0.983264 0.032502
291 0.275690 0.067592
292 0.948832 0.096675
293 0.265881 0.868797
294 0.980141 0.970235
295 0.797497 0.193164
296 0.625745 0.919831
297 0.833039 0.441724
298 0.972537 0.608129
299 0.880346 0.525005
300 0.866455 0.444716
301 0.262327 0.191128
302 0.633070 0.963081
303 0.159131 0.476186
304 0.302487 0.825897
305 0.093035 0.944955
306 0.409521 0.946200
307 0.809982 0.163085
308 0.063361 0.708344
309 0.668748 0.017794
310 0.122812 0.384942
311 0.353210 0.018993
312 0.912471 0.285934
313 0.929337 0.045934
314 0.277539 0.952216
315 0.949126 0.567276
316 0.401286 0.867774
317 0.905257 0.918510
318 0.514361 0.992681
319 0.135753 0.658354
320 0.442556 0.174005
321 0.613168 0.901788
322 0.826555 0.601478
323 0.075666 0.216268
324 0.537040 0.045926
325 0.105252 0.871887
326 0.984826 0.057913
327 0.689834 0.866324
328 0.017101 0.877094
329 0.367664 0.960048
330 0.257366 0.024323
331 0.992710 0.387283
332 0.055377 0.943872
333 0.106611 0.408932
334 0.378892 0.869719
335 0.949595 0.301770
336 0.824115 0.986415
337 0.371039 0.800756
338 0.974022 0.186429
339 0.985339 0.683699
340 0.464803 0.111933
341 0.209133 0.115525
342 0.196306 0.636349
343 0.015454 0.625310
344 0.175534 0.958189
345 0.901277 0.902734
346 0.862137 0.388632
347 0.042706 0.929969
348 0.044472 0.294469
349 0.399565 0.172076
350 0.582656 0.103634
351 0.029334 0.648326
352 0.895135 0.263830
353 0.125458 0.043114
354 0.131795 0.259853
355 0.945973 0.804322
356 0.783931 0.878129
357 0.215635 0.191940
358 0.844512 0.148482
359 0.049216 0.144876
360 0.856573 0.491024
361 0.182999 0.225825
362 0.916987 0.648878
363 0.194158 0.484739
364 0.992478 0.669297
365 0.578936 0.842847
366 0.921598 0.439468
367 0.787672 0.907657
368 0.957127 0.231765
369 0.088088 0.091754
370 0.561761 0.002633
371 0.860282 0.336091
372 0.280124 0.817106
373 0.982810 0.593377
374 0.951912 0.113618
375 0.296148 0.879552
376 0.789288 0.967166
377 0.321928 0.918342
378 0.936659 0.360944
379 0.165238 0.896018
380 0.832056 0.690723
381 0.707175 0.999820
382 0.925421 0.543941
383 0.318311 0.067104
384 0.841326 0.368645
385 0.132966 0.485217
386 0.037868 0.388023
387 0.155432 0.998913
388 0.062884 0.289791
389 0.845910 0.009077
390 0.078560 0.744238
391 0.015185 0.231742
392 0.143263 0.338554
393 0.994885 0.410481
394 0.012984 0.009936
395 0.032295 0.424124
396 0.441163 0.019952
397 0.511719 0.922017
398 0.549220 0.151229
399 0.961501 0.364998
400 0.807140 0.264073
401 0.985900 0.618080
402 0.306636 0.020748
403 0.035829 0.198800
404 0.901285 0.764872
405 0.602452 0.102720
406 0.336389 0.948098
407 0.854199 0.028604
408 0.077442 0.686174
409 0.856548 0.674207
410 0.713380 0.938986
411 0.645210 0.095522
412 0.081170 0.393871
413 0.587176 0.183677
414 0.942289 0.275898
415 0.752146 0.029711
416 0.920655 0.357364
417 0.447358 0.814249
418 0.146615 0.225273
419 0.948180 0.954472
420 0.338545 0.867614
421 0.290307 0.969393
422 0.090433 0.203177
423 0.239029 0.821558
424 0.054493 0.117918
425 0.763453 0.848307
426 0.921994 0.179517
427 0.897419 0.883015
428 0.991205 0.574342
429 0.140354 0.524039
430 0.891575 0.192084
431 0.748798 0.069312
432 0.953068 0.036638
433 0.055216 0.869823
434 0.035558 0.794092
435 0.424701 0.102987
436 0.080180 0.917571
437 0.683024 0.099478
438 0.223433 0.998141
439 0.137008 0.443741
440 0.176212 0.685301
441 0.903418 0.629442
442 0.993246 0.928268
443 0.497541 0.874847
444 0.224950 0.023458
445 0.192910 0.706025
446 0.770880 0.114512
447 0.481081 0.134709
448 0.138276 0.372243
449 0.574068 0.816032
450 0.088171 0.870630
451 0.936658 0.754535
452 0.035701 0.535857
453 0.980669 0.858923
454 0.163127 0.635072
455 0.719319 0.174355
456 0.870749 0.470245
457 0.477047 0.017044
458 0.967431 0.848742
459 0.838238 0.878983
460 0.889542 0.829012
461 0.613469 0.935532
462 0.855424 0.404495
463 0.001097 0.137913
464 0.854816 0.996724
465 0.078689 0.346797
466 0.112986 0.770969
467 0.526071 0.094691
468 0.507454 0.947306
469 0.201328 0.976334
470 0.837227 0.849242
471 0.870781 0.252471
472 0.367445 0.026077
473 0.107104 0.042641
474 0.586196 0.029887
475 0.566883 0.024997
476 0.653538 0.147734
477 0.176543 0.307919
478 0.335968 0.022601
479 0.185361 0.892154
480 0.009108 0.961999
481 0.107206 0.219131
482 0.043448 0.170334
483 0.715875 0.960882
484 0.875936 0.219699
485 0.905568 0.066058
486 0.045156 0.328005
487 0.003725 0.978194
488 0.986469 0.991578
489 0.012168 0.408958
490 0.035161 0.566780
491 0.219417 0.878808
492 0.110764 0.133586
493 0.195784 0.659375
494 0.269167 0.804554
495 0.984358 0.477387
496 0.772865 0.141777
497 0.883036 0.296981
498 0.887252 0.707022
499 0.003918 0.690178
500 0.801433 0.344634
501 0.120529 0.724565
502 0.130516 0.976968
503 0.909076 0.599928
504 0.690563 0.121323
505 0.781751 0.802131
506 0.912332 0.030722
507 0.216299 0.825746
508 0.380686 0.080885
509 0.795275 0.853176
510 0.435154 0.936641
511 0.174392 0.350103
512 0.932880 0.851700
513 0.819110 0.118707
514 0.806919 0.554452
515 0.792737 0.027707
516 0.800035 0.712704
517 0.079085 0.107826
518 0.122963 0.182081
519 0.969781 0.341437
520 0.121517 0.854652
521 0.639331 0.995255
522 0.758902 0.827801
523 0.932290 0.515932
524 0.960095 0.547448
525 0.198854 0.397368
526 0.001780 0.262982
527 0.829382 0.522617
528 0.934107 0.409214
529 0.288138 0.995548
530 0.042635 0.682287
531 0.997257 0.088392
532 0.018850 0.249581
533 0.125502 0.009838
534 0.162649 0.007120
535 0.327479 0.089018
536 0.888573 0.609763
537 0.324701 0.900445
538 0.001085 0.810329
539 0.864869 0.773671
540 0.098416 0.187759
541 0.404958 0.042549
542 0.320385 0.033444
543 0.306860 0.096757
544 0.862727 0.884960
545 0.947022 0.870499
546 0.485197 0.163544
547 0.054406 0.819293
548 0.922551 0.917471
549 0.306259 0.923728
550 0.812646 0.452695
551 0.328513 0.152162
552 0.079323 0.631512
553 0.813183 0.016541
554 0.211284 0.010613
555 0.793282 0.947748
556 0.151704 0.025667
557 0.859374 0.123295
558 0.629120 0.097386
559 0.096221 0.619773
560 0.166900 0.703837
561 0.991968 0.153051
562 0.287387 0.179980
563 0.679488 0.072432
564 0.074160 0.237015
565 0.940863 0.232872
566 0.150313 0.676091
567 0.973160 0.566674
568 0.229299 0.137470
569 0.889015 0.453071
570 0.134840 0.236226
571 0.493678 0.069235
572 0.804407 0.732479
573 0.866567 0.512147
574 0.496990 0.001058
575 0.887594 0.074574
576 0.016075 0.994147
577 0.606687 0.004262
578 0.896112 0.541255
579 0.160216 0.600359
580 0.014803 0.517121
581 0.070054 0.451360
582 0.152205 0.542582
583 0.910518 0.860552
584 0.941301 0.480064
585 0.945296 0.727556
586 0.829324 0.549747
587 0.993647 0.011090
588 0.109554 0.554744
589 0.095216 0.904272
590 0.444081 0.125654
591 0.021682 0.280774
592 0.283591 0.024047
593 0.164356 0.407944
594 0.842635 0.584577
595 0.118284 0.534259
596 0.501749 0.101955
597 0.560710 0.069915
598 0.369513 0.890530
599 0.834197 0.921903
600 0.933627 0.159497
601 0.070295 0.885753
602 0.198143 0.463938
603 0.819633 0.807549
604 0.877289 0.107563
605 0.027715 0.772004
606 0.395370 0.139426
607 0.706278 0.198003
608 0.284621 0.861545
609 0.159202 0.448523
610 0.259983 0.125682
611 0.304310 0.897992
612 0.894901 0.401198
613 0.218823 0.857616
614 0.211259 0.954697
615 0.627707 0.853547
616 0.463142 0.909676
617 0.784518 0.174850
618 0.115410 0.700376
619 0.003759 0.447904
620 0.725327 0.905162
621 0.557448 0.915685
622 0.196059 0.247504
623 0.290722 0.074971
624 0.208538 0.048692
625 0.846105 0.974089
626 0.633291 0.019445
627 0.949083 0.696740
628 0.526989 0.195775
629 0.537674 0.870385
630 0.874525 0.587696
631 0.154608 0.263731
632 0.264113 0.898242
633 0.082905 0.318155
634 0.612880 0.877717
635 0.183734 0.768181
636 0.005056 0.286909
637 0.036413 0.515269
638 0.885999 0.635869
639 0.734474 0.105934
640 0.924317 0.969112
641 0.749470 0.152378
642 0.181358 0.559820
643 0.702399 0.912380
644 0.135586 0.996340
645 0.043439 0.582310
646 0.364269 0.184011
647 0.855861 0.538423
648 0.073601 0.956756
649 0.014507 0.104909
650 0.834691 0.820505
651 0.802196 0.285945
652 0.008475 0.340051
653 0.999531 0.868979
654 0.334668 0.128361
655 0.761711 0.892648
656 0.471128 0.928684
657 0.764906 0.937771
658 0.872877 0.983057
659 0.543211 0.937657
660 0.395157 0.020644
661 0.470923 0.965805
662 0.808363 0.409826
663 0.405300 0.838935
664 0.172625 0.750777
665 0.033229 0.840935
666 0.691010 0.012991
667 0.044696 0.976889
668 0.980544 0.759741
669 0.151006 0.393924
670 0.130423 0.939792
671 0.719306 0.875996
672 0.793246 0.996010
673 0.686090 0.997320
674 0.273685 0.137986
675 0.943629 0.990180
676 0.710925 0.834961
677 0.185565 0.050464
678 0.840138 0.424519
679 0.008703 0.431311
680 0.105438 0.972852
681 0.840798 0.738229
682 0.998097 0.282954
683 0.825439 0.380797
684 0.811710 0.922682
685 0.088011 0.590406
686 0.106666 0.994812
687 0.854653 0.050714
688 0.420880 0.176451
689 0.381923 0.983367
690 0.542346 0.965546
691 0.719727 0.054304
692 0.950381 0.379778
693 0.311566 0.184936
694 0.885609 0.031689
695 0.529337 0.120140
696 0.730032 0.889338
697 0.038835 0.026708
698 0.449332 0.192760
699 0.423504 0.839581
700 0.192375 0.067267
701 0.135391 0.279497
702 0.652838 0.069943
703 0.460863 0.013452
704 0.792355 0.931899
705 0.064821 0.550015
706 0.180238 0.501177
707 0.984993 0.264817
708 0.065579 0.129778
709 0.014961 0.828946
710 0.894811 0.867136
711 0.059061 0.385860
712 0.755339 0.048910
713 0.406433 0.811613
714 0.304885 0.058217
715 0.211234 0.152604
716 0.048156 0.358757
717 0.757478 0.198546
718 0.589943 0.811930
719 0.198536 0.600822
720 0.387079 0.802372
721 0.889702 0.007173
722 0.042766 0.090953
723 0.220290 0.907228
724 0.755374 0.126121
725 0.133542 0.149504
726 0.762460 0.010939
727 0.837392 0.027471
728 0.224486 0.945651
729 0.307581 0.079779
730 0.715367 0.127841
731 0.937172 0.434054
732 0.675746 0.130516
733 0.547305 0.844935
734 0.489706 0.825856
735 0.214799 0.929719
736 0.886455 0.483489
737 0.015919 0.039479
738 0.841247 0.125094
739 0.449249 0.081105
740 0.085808 0.808427
741 0.043084 0.713990
742 0.439197 0.912985
743 0.657640 0.990990
744 0.839479 0.492582
745 0.045865 0.262507
746 0.580669 0.951806
747 0.976689 0.281729
748 0.892841 0.651834
749 0.858429 0.581808
750 0.108406 0.521039
751 0.661646 0.940851
752 0.034522 0.129821
753 0.355821 0.816505
754 0.857668 0.639076
755 0.400544 0.094201
756 0.092975 0.530509
757 0.269926 0.172997
758 0.729310 0.924928
759 0.841359 0.783838
760 0.732983 0.088081
761 0.872149 0.545667
762 0.413249 0.909079
763 0.748290 0.903233
764 0.002495 0.211470
765 0.976124 0.091819
766 0.187344 0.737225
767 0.020804 0.729883
768 0.034477 0.450023
769 0.337927 0.912973
770 0.750935 0.103905
771 0.809861 0.530727
772 0.153141 0.583181
773 0.837311 0.298631
774 0.363262 0.978082
775 0.002176 0.535365
776 0.568677 0.931456
777 0.332192 0.812065
778 0.903384 0.726391
779 0.955659 0.414128
780 0.156160 0.371612
781 0.837885 0.760640
782 0.679819 0.831203
783 0.056565 0.483088
784 0.133802 0.205648
785 0.118001 0.269573
786 0.917139 0.241886
787 0.142147 0.874231
788 0.945337 0.395116
789 0.175080 0.809190
790 0.153309 0.131416
791 0.221752 0.104451
792 0.127917 0.797280
793 0.927784 0.603188
794 0.952567 0.078961
795 0.471414 0.986731
796 0.346420 0.852288
797 0.378826 0.118289
798 0.812279 0.760448
799 0.158025 0.348846
800 0.067611 0.798952
801 0.257148 0.162183
802 0.052661 0.529541
803 0.166398 0.774674
804 0.031028 0.962253
805 0.258356 0.082054
806 0.801160 0.386643
807 0.905664 0.507691
808 0.593678 0.906887
809 0.354833 0.877329
810 0.095113 0.570043
811 0.981007 0.247462
812 0.262138 0.966203
813 0.969765 0.004102
814 0.569720 0.088650
815 0.061618 0.617988
816 0.163925 0.946688
817 0.109984 0.325796
818 0.836800 0.226752
819 0.479024 0.910006
820 0.482297 0.093699
821 0.264223 0.104088
822 0.178429 0.610199
823 0.808672 0.977146
824 0.805752 0.431015
825 0.834145 0.937905
826 0.284107 0.905723
827 0.725813 0.009289
828 0.864690 0.802153
829 0.967449 0.799068
830 0.609906 0.854735
831 0.138905 0.959276
832 0.644553 0.814226
833 0.103249 0.601918
834 0.138368 0.355591
835 0.625009 0.081043
836 0.492410 0.969828
837 0.676508 0.035117
838 0.958418 0.823494
839 0.206300 0.889257
840 0.974538 0.113452
841 0.520333 0.154106
842 0.451441 0.977378
843 0.968407 0.636579
844 0.658314 0.826569
845 0.055501 0.040964
846 0.125363 0.628098
847 0.020132 0.393670
848 0.061852 0.974989
849 0.594007 0.119937
850 0.024815 0.081753
851 0.760829 0.084697
852 0.917508 0.100229
853 0.826518 0.473732
854 0.778884 0.159775
855 0.128384 0.401847
856 0.455357 0.832867
857 0.968260 0.403920
858 0.162464 0.493643
859 0.523630 0.817651
860 0.990840 0.912134
861 0.699274 0.144550
862 0.030193 0.811962
863 0.817946 0.785548
864 0.301727 0.119822
865 0.772285 0.955458
866 0.672839 0.183946
867 0.417527 0.123186
868 0.562263 0.800520
869 0.997916 0.122801
870 0.093773 0.498722
871 0.831440 0.170055
872 0.035867 0.004281
873 0.454880 0.138527
874 0.115533 0.885119
875 0.078908 0.577332
876 0.740503 0.960607
877 0.318790 0.856364
878 0.843235 0.601668
879 0.093609 0.449004
880 0.959487 0.780123
881 0.661623 0.973856
882 0.009349 0.935254
883 0.933501 0.896224
884 0.005566 0.743162
885 0.541195 0.908641
886 0.077496 0.997208
887 0.013055 0.898101
888 0.684330 0.950365
889 0.409032 0.077355
890 0.650825 0.128995
891 0.622498 0.804915
892 0.948946 0.604904
893 0.575162 0.196505
894 0.816412 0.187055
895 0.845729 0.350133
896 0.952406 0.144961
897 0.060972 0.575490
898 0.655785 0.869296
899 0.602958 0.970911
900 0.182256 0.112338
901 0.912355 0.582046
902 0.003275 0.064591
903 0.874461 0.134510
904 0.426516 0.008170
905 0.839490 0.901750
906 0.941896 0.788807
907 0.250677 0.146588
908 0.559706 0.861759
909 0.999745 0.450218
910 0.029627 0.599580
911 0.311959 0.005845
912 0.341399 0.006404
913 0.042533 0.222137
914 0.933723 0.340711
915 0.999253 0.305444
916 0.897825 0.171842
917 0.972096 0.325676
918 0.135183 0.091613
919 0.852750 0.814996
920 0.716003 0.979355
921 0.999116 0.832770
922 0.093072 0.027441
923 0.304882 0.994024
924 0.485631 0.857222
925 0.348357 0.060570
926 0.104713 0.826143
927 0.018268 0.858299
928 0.288003 0.000860
929 0.926727 0.303611
930 0.916601 0.411910
931 0.936276 0.217328
932 0.943186 0.914697
933 0.994107 0.353707
934 0.079230 0.141946
935 0.051762 0.779036
936 0.804170 0.652217
937 0.509888 0.969381
938 0.997176 0.198974
939 0.224968 0.800531
940 0.877458 0.166988
941 0.977961 0.933179
942 0.532446 0.992967
943 0.815596 0.958932
944 0.504378 0.046701
945 0.532921 0.887816
946 0.693019 0.057408
947 0.952276 0.528913
948 0.497046 0.990273
949 0.073080 0.422783
950 0.495199 0.914179
951 0.997689 0.722634
952 0.076133 0.511983
953 0.906116 0.451835
954 0.054644 0.645839
955 0.020461 0.914855
956 0.828057 0.568734
957 0.999764 0.743582
958 0.876269 0.337535
959 0.053222 0.311988
960 0.110608 0.495473
961 0.644750 0.847448
962 0.964640 0.760423
963 0.409490 0.972783
964 0.250380 0.000842
965 0.893165 0.580832
966 0.993481 0.325240
967 0.200990 0.140399
968 0.418191 0.866752
969 0.059414 0.911327
970 0.190120 0.430182
971 0.866522 0.018593
972 0.090758 0.332524
973 0.034161 0.110815
974 0.970739 0.306599
975 0.887310 0.679133
976 0.917060 0.900767
977 0.097167 0.674660
978 0.006400 0.321237
979 0.951697 0.935115
980 0.626426 0.886895
981 0.789497 0.825250
982 0.831210 0.796374
983 0.064086 0.673909
984 0.679073 0.813089
985 0.097538 0.393171
986 0.146659 0.758634
987 0.173858 0.138578
988 0.251665 0.886336
989 0.102484 0.235105
990 0.001520 0.873547
991 0.801622 0.873354
992 0.987584 0.432310
993 0.735438 0.198805
994 0.603558 0.151466
995 0.964180 0.440708
996 0.021589 0.361542
997 0.839616 0.675863
998 0.260303 0.998508
999 0.110233 0.637937
4000
0 10
0 190
0 234
0 354
0 388
0 564
0 570
0 701
0 785
0 989
1 212
1 254
1 322
1 441
1 536
1 630
1 638
1 748
1 749
1 754
1 878
2 102
2 203
2 261
2 417
2 699
2 856
2 924
2 968
3 133
3 360
3 527
3 586
3 744
3 771
3 853
4 14
4 75
4 248
4 339
4 364
4 585
4 627
4 951
5 116
5 278
5 323
5 403
5 422
5 482
5 564
5 913
6 149
6 229
6 253
6 425
6 522
6 676
7 192
7 221
7 474
7 577
7 626
7 835
8 379
8 479
8 491
8 613
8 839
9 243
9 257
9 442
9 860
9 883
9 932
9 941
9 979
10 69
10 354
10 418
10 481
10 570
10 631
10 701
10 784
10 785
10 989
11 41
11 231
11 265
11 383
11 508
11 535
11 543
11 654
11 797
11 925
12 194
12 640
12 658
12 675
13 121
13 142
13 232
13 260
13 279
13 677
13 700
13 900
13 918
14 27
14 75
14 339
14 364
14 585
14 627
14 951
15 299
15 382
15 523
15 578
15 807
15 947
16 381
16 483
16 673
16 743
16 881
16 888
16 920
17 69
17 184
17 361
17 477
17 622
17 631
18 28
18 52
18 380
18 516
18 572
18 936
18 997
19 91
19 110
19 115
19 559
19 588
19 685
19 772
19 810
19 833
19 875
20 43
20 734
20 859
21 44
21 241
21 357
21 361
21 622
22 97
22 422
22 492
22 518
22 540
22 708
22 725
22 934
23 74
23 130
23 262
23 350
23 398
23 405
23 695
23 814
23 849
23 994
24 61
24 112
24 154
24 192
24 287
24 324
24 467
24 597
24 814
24 944
25 79
25 95
25 232
25 341
25 568
25 610
25 791
25 805
25 821
26 303
26 385
26 429
26 582
26 595
26 706
26 750
26 858
26 960
27 451
27 585
27 668
27 880
27 951
27 957
27 962
28 31
28 36
28 161
28 380
28 572
28 681
28 781
29 34
29 108
29 118
29 217
29 355
29 453
29 458
29 512
29 545
29 583
29 829
29 838
30 124
30 193
30 338
30 426
30 561
30 600
30 896
30 938
31 36
31 51
31 163
31 404
31 498
31 539
31 681
31 778
31 781
32 188
32 236
32 239
32 408
32 552
32 559
32 954
32 977
32 983
32 999
33 359
33 424
33 463
33 482
33 649
33 708
33 752
33 973
34 108
34 217
34 355
34 460
34 512
34 545
34 583
34 710
34 838
35 98
35 267
35 426
35 430
35 565
35 600
35 786
35 916
35 931
36 51
36 109
36 163
36 404
36 498
36 539
36 681
36 778
37 201
37 307
37 358
37 446
37 496
37 513
37 617
37 738
37 854
37 871
38 110
38 579
38 582
38 642
38 719
38 772
38 822
39 235
39 285
39 319
39 440
39 445
39 501
39 560
39 566
39 618
40 107
40 343
40 490
40 552
40 645
40 685
40 815
40 875
40 897
40 910
41 114
41 182
41 265
41 383
41 508
41 535
41 925
42 186
42 242
42 415
42 666
42 691
42 712
42 726
42 827
42 946
43 76
43 246
43 734
43 859
43 924
44 100
44 140
44 241
44 357
44 361
44 715
45 199
45 226
45 400
45 471
45 651
45 773
45 818
46 146
46 410
46 483
46 620
46 643
46 657
46 758
46 763
46 865
46 876
46 920
47 122
47 224
47 244
47 581
47 783
47 870
47 879
47 952
47 960
48 94
48 135
48 146
48 206
48 272
48 327
48 620
48 643
48 671
48 898
49 145
49 164
49 250
49 255
49 306
49 510
49 742
49 762
49 963
50 376
50 381
50 483
50 672
50 865
50 876
50 920
51 139
51 163
51 404
51 451
51 585
51 778
51 906
52 126
52 254
52 380
52 516
52 936
52 997
53 303
53 385
53 439
53 609
53 879
53 960
54 55
54 96
54 390
54 466
54 501
55 191
55 390
55 466
55 740
55 800
55 935
56 231
56 265
56 551
56 606
56 646
56 654
56 797
57 151
57 164
57 661
57 795
57 842
57 963
58 63
58 365
58 615
58 634
58 733
58 830
58 908
59 330
59 444
59 554
59 964
60 200
60 230
60 464
60 599
60 625
60 658
60 825
61 112
61 154
61 192
61 287
61 324
61 474
61 475
61 597
61 814
62 118
62 668
62 829
62 880
62 957
62 962
63 76
63 365
63 449
63 718
63 733
63 868
63 908
64 103
64 228
64 286
64 495
64 584
64 995
65 89
65 226
65 266
65 371
65 497
65 773
65 895
65 958
66 189
66 635
66 664
66 789
66 803
66 939
67 74
67 144
67 166
67 282
67 405
67 411
67 476
67 558
67 849
67 890
67 994
68 349
68 646
68 688
69 241
69 354
69 361
69 418
69 570
69 622
69 631
69 701
69 784
69 785
70 78
70 218
70 225
70 251
70 473
70 697
70 845
70 872
70 922
71 215
71 222
71 293
71 372
71 423
71 494
71 507
71 608
71 939
72 271
72 438
72 469
72 614
72 728
72 735
72 812
72 998
73 219
73 324
73 370
73 475
73 574
74 130
74 150
74 166
74 262
74 350
74 398
74 405
74 849
74 994
75 248
75 258
75 339
75 362
75 364
75 627
75 843
76 246
76 443
76 629
76 733
76 734
76 859
76 908
76 945
77 156
77 337
77 663
77 713
77 720
77 753
78 153
78 238
78 251
78 369
78 473
78 697
78 722
78 845
78 922
79 95
79 232
79 291
79 330
79 444
79 624
79 700
79 805
80 143
80 358
80 430
80 484
80 871
80 894
80 916
80 940
81 245
81 247
81 325
81 379
81 520
81 589
81 787
81 874
82 193
82 281
82 368
82 707
82 811
82 938
83 259
83 340
83 447
83 467
83 546
83 596
83 695
83 820
83 841
84 172
84 182
84 289
84 435
84 508
84 541
84 739
84 755
84 889
85 366
85 456
85 569
85 584
85 736
85 807
85 953
86 242
86 437
86 504
86 563
86 639
86 691
86 730
86 760
86 946
87 89
87 134
87 171
87 176
87 266
87 371
87 378
87 416
87 914
87 958
88 132
88 155
88 205
88 223
88 389
88 407
88 515
88 553
88 687
88 727
89 134
89 266
89 371
89 497
89 958
90 115
90 235
90 236
90 319
90 454
90 579
90 822
90 846
90 999
91 110
91 115
91 579
91 582
91 588
91 595
91 685
91 772
91 810
91 833
92 98
92 177
92 267
92 312
92 352
92 471
92 484
92 565
92 786
92 931
93 160
93 390
93 434
93 605
93 741
93 767
93 884
93 935
94 135
94 206
94 253
94 272
94 327
94 782
94 898
94 961
95 142
95 232
95 624
95 700
95 791
95 805
96 239
96 308
96 390
96 408
96 501
96 618
96 977
97 159
97 180
97 238
97 359
97 369
97 424
97 492
97 517
97 708
97 934
98 143
98 267
98 426
98 430
98 484
98 786
98 916
99 297
99 346
99 384
99 462
99 662
99 678
99 683
99 806
99 824
100 138
100 140
100 241
100 518
100 725
100 790
100 987
101 200
101 356
101 367
101 459
101 599
101 684
101 704
101 825
101 905
101 991
102 417
102 663
102 699
102 713
102 856
102 968
103 167
103 228
103 286
103 495
103 523
103 524
103 584
103 947
104 128
104 152
104 157
104 557
104 604
104 852
104 903
105 209
105 260
105 444
105 534
105 554
105 556
105 624
105 677
105 700
106 219
106 289
106 396
106 457
106 571
106 703
106 944
107 343
107 490
107 645
107 910
108 139
108 158
108 355
108 460
108 512
108 838
108 906
109 248
109 498
109 778
109 975
110 429
110 582
110 588
110 595
110 642
110 772
111 166
111 192
111 350
111 405
111 558
111 597
111 814
111 835
111 849
112 192
112 324
112 370
112 474
112 475
112 597
113 178
113 196
113 459
113 470
113 509
113 603
113 650
113 919
113 981
113 982
113 991
114 311
114 383
114 402
114 472
114 478
114 542
114 714
114 912
114 925
115 559
115 579
115 685
115 772
115 810
115 833
115 846
115 999
116 323
116 388
116 391
116 532
116 564
116 745
116 913
117 198
117 237
117 296
117 321
117 461
117 621
117 659
117 746
117 776
117 808
117 899
118 355
118 453
118 458
118 829
118 838
118 880
118 921
119 302
119 521
119 743
119 899
120 328
120 347
120 433
120 601
120 882
120 887
120 927
120 955
120 969
120 990
121 138
121 180
121 492
121 725
121 790
121 900
121 918
121 987
122 224
122 244
122 581
122 768
122 783
122 879
123 191
123 207
123 264
123 520
123 740
123 792
123 926
124 152
124 374
124 561
124 600
124 840
124 869
124 896
125 223
125 557
125 575
125 604
125 687
125 738
125 903
126 212
126 254
126 409
126 754
126 936
126 997
127 212
127 322
127 514
127 586
127 594
127 878
127 956
128 152
128 157
128 426
128 600
128 896
128 903
128 916
128 940
129 300
129 366
129 456
129 462
129 569
129 612
129 678
129 930
129 953
130 150
130 162
130 187
130 262
130 398
130 413
130 841
130 893
131 185
131 290
131 313
131 432
131 506
131 587
131 813
132 223
132 389
132 407
132 485
132 506
132 575
132 687
132 694
132 721
132 727
132 971
133 527
133 550
133 744
133 771
133 853
134 312
134 335
134 416
134 497
134 914
134 929
135 272
135 296
135 321
135 615
135 634
135 898
135 961
135 980
136 301
136 562
136 610
136 674
136 693
136 757
136 801
136 864
136 907
137 386
137 395
137 412
137 489
137 711
137 847
137 949
138 140
138 518
138 725
138 790
138 987
139 158
139 163
139 404
139 460
139 539
139 828
139 906
140 715
140 790
140 900
140 967
140 987
141 328
141 538
141 665
141 709
141 862
141 927
141 990
142 232
142 341
142 700
142 791
142 900
142 967
143 280
143 430
143 484
143 818
143 871
143 894
144 273
144 476
144 866
144 890
144 994
145 151
145 255
145 306
145 329
145 689
145 774
145 963
146 272
146 410
146 483
146 620
146 643
146 751
146 758
146 888
147 264
147 433
147 450
147 547
147 665
147 740
147 800
147 926
148 252
148 299
148 578
148 594
148 630
148 647
148 749
148 761
148 901
148 965
149 206
149 211
149 229
149 253
149 327
149 425
149 522
149 671
149 676
149 696
150 162
150 273
150 413
150 893
150 994
151 689
151 774
151 963
152 157
152 292
152 374
152 600
152 852
152 896
153 159
153 180
153 238
153 251
153 279
153 353
153 369
153 473
153 918
153 922
154 287
154 324
154 467
154 571
154 596
154 597
154 820
154 944
155 205
155 223
155 687
155 727
156 334
156 337
156 420
156 663
156 753
156 777
156 796
156 809
157 426
157 430
157 557
157 600
157 604
157 903
157 916
157 940
158 163
158 460
158 539
158 828
158 919
159 180
159 238
159 369
159 492
159 517
159 708
159 918
159 934
160 308
160 605
160 741
160 767
160 884
160 935
161 380
161 409
161 498
161 975
161 997
162 187
162 398
162 413
162 628
162 893
163 404
163 539
163 759
163 828
164 306
164 510
164 656
164 661
164 742
164 842
164 963
165 344
165 387
165 469
165 502
165 644
165 816
165 831
166 282
166 350
166 405
166 411
166 558
166 835
166 849
166 890
166 994
167 173
167 286
167 315
167 523
167 524
167 567
167 947
168 342
168 454
168 493
168 579
168 719
168 822
169 231
169 435
169 508
169 606
169 755
169 797
169 867
169 889
170 210
170 271
170 293
170 491
170 632
170 723
170 728
170 735
170 826
170 839
170 988
171 176
171 346
171 378
171 416
171 528
171 612
171 788
171 930
172 182
172 289
172 396
172 541
172 660
172 739
172 755
172 889
173 373
173 428
173 524
173 567
174 227
174 511
174 525
174 593
174 669
174 780
174 799
175 200
175 220
175 230
175 317
175 345
175 427
175 544
175 710
175 905
175 976
176 266
176 346
176 384
176 416
176 462
176 612
176 958
177 267
177 281
177 312
177 352
177 414
177 565
177 786
177 929
178 220
178 459
178 470
178 544
178 650
178 710
178 905
179 249
179 269
179 305
179 332
179 648
179 667
179 680
179 686
179 848
179 886
180 369
180 492
180 517
180 918
181 245
181 344
181 379
181 479
181 614
181 723
181 735
181 816
182 472
182 508
182 541
182 660
182 755
182 889
182 925
183 331
183 393
183 399
183 519
183 692
183 788
183 857
183 933
184 202
184 270
184 477
184 631
185 313
185 432
185 506
185 694
185 721
186 242
186 309
186 563
186 666
186 691
186 827
186 837
186 946
187 259
187 398
187 413
187 628
187 841
187 893
188 236
188 351
188 408
188 552
188 559
188 815
188 954
188 977
188 983
188 999
189 215
189 423
189 507
189 613
189 789
189 939
190 234
190 348
190 388
190 486
190 633
190 817
190 959
190 972
191 264
191 466
191 740
191 792
191 800
191 926
192 324
192 474
192 475
192 597
192 814
193 338
193 368
193 565
193 811
193 931
193 938
194 464
194 625
194 658
195 210
195 256
195 276
195 314
195 377
195 406
195 421
195 549
195 923
196 470
196 505
196 509
196 603
196 650
196 863
196 981
196 982
197 339
197 364
197 401
197 843
198 237
198 621
198 659
198 690
198 746
198 776
198 885
199 226
199 352
199 471
199 484
199 818
200 220
200 230
200 459
200 544
200 599
200 684
200 825
200 905
201 307
201 358
201 513
201 557
201 738
201 871
201 894
202 234
202 270
202 392
202 477
202 511
202 701
202 799
202 834
203 250
203 261
203 510
203 616
203 742
203 762
203 819
203 968
204 283
204 412
204 465
204 711
204 716
204 972
204 985
205 223
205 515
205 851
206 253
206 327
206 620
206 643
206 671
206 696
207 520
207 789
207 792
207 926
208 452
208 490
208 580
208 775
209 260
209 444
209 534
209 554
209 556
209 624
209 677
210 271
210 314
210 377
210 421
210 549
210 611
210 632
210 826
211 356
211 367
211 425
211 509
211 522
211 655
211 696
211 763
211 991
212 254
212 322
212 594
212 754
212 878
212 936
213 259
213 320
213 447
213 546
213 698
213 873
214 240
214 348
214 486
214 526
214 591
214 636
214 652
214 959
214 978
215 293
215 423
215 491
215 507
215 613
215 939
216 615
216 718
216 830
216 832
216 844
216 891
216 961
217 345
217 427
217 512
217 545
217 583
217 710
217 883
217 976
218 225
218 251
218 697
218 845
218 872
218 922
219 287
219 324
219 457
219 571
219 574
219 944
220 427
220 459
220 460
220 470
220 544
220 583
220 710
221 309
221 577
221 626
221 702
221 835
221 837
222 293
222 304
222 372
222 375
222 608
222 877
223 687
224 244
224 452
224 580
224 637
224 783
224 802
224 870
224 952
225 251
225 473
225 533
225 922
226 352
226 471
226 497
226 773
227 268
227 525
227 593
227 669
227 970
228 495
228 584
228 731
228 909
228 992
228 995
229 522
229 676
229 782
229 984
230 317
230 345
230 427
230 544
230 548
230 976
231 265
231 606
231 654
231 797
232 341
232 624
232 700
232 791
232 900
233 357
233 568
233 610
233 674
233 715
233 757
233 801
233 907
233 967
234 354
234 633
234 701
234 785
234 817
234 972
235 236
235 319
235 440
235 454
235 493
235 566
235 846
236 239
236 319
236 552
236 559
236 566
236 618
236 846
236 977
236 999
237 690
237 746
237 899
238 369
238 424
238 517
238 708
238 722
238 850
238 973
239 308
239 408
239 501
239 618
239 977
239 983
240 348
240 486
240 591
240 636
240 652
240 716
240 959
240 978
240 996
241 361
241 418
241 784
242 431
242 437
242 563
242 691
242 760
242 946
243 442
243 453
243 653
243 860
243 941
244 580
244 637
244 768
244 783
245 247
245 344
245 379
245 670
245 816
245 831
246 274
246 443
246 629
246 733
246 734
246 859
246 908
246 924
246 945
247 249
247 305
247 436
247 589
247 670
247 874
248 362
248 627
248 748
248 975
249 305
249 502
249 644
249 648
249 670
249 680
249 686
249 831
250 261
250 316
250 510
250 616
250 742
250 762
250 968
251 353
251 473
251 845
251 922
252 299
252 527
252 573
252 578
252 586
252 594
252 630
252 647
252 749
252 761
252 956
252 965
253 327
253 671
253 676
253 696
253 782
254 409
254 638
254 754
254 878
254 936
254 997
255 256
255 276
255 284
255 306
255 329
255 406
255 689
255 774
256 276
256 329
256 406
256 689
256 774
257 317
257 419
257 548
257 640
257 883
257 932
257 941
257 976
257 979
258 298
258 362
258 401
258 793
258 843
258 892
259 546
259 628
259 841
260 279
260 353
260 534
260 556
260 624
260 677
260 700
261 443
261 616
261 742
261 819
261 924
262 350
262 398
262 467
262 695
262 814
262 841
262 849
263 455
263 496
263 617
263 641
263 717
263 724
263 854
263 993
264 547
264 740
264 800
264 926
265 535
265 543
265 551
265 654
265 797
265 864
266 346
266 371
266 384
266 895
266 958
267 352
267 430
267 484
267 565
267 786
267 931
268 439
268 593
268 609
268 669
268 970
269 648
269 667
269 804
269 848
269 886
270 477
270 511
271 314
271 632
271 723
271 728
271 735
271 812
271 826
272 296
272 643
272 751
272 898
272 980
273 413
273 994
274 397
274 443
274 629
274 819
274 885
274 924
274 945
274 950
275 455
275 607
275 866
276 284
276 329
276 377
276 406
276 769
276 774
277 351
277 499
277 530
278 391
278 403
278 482
278 764
278 913
279 353
279 473
279 556
279 918
280 295
280 307
280 617
280 818
280 871
280 894
281 368
281 414
281 565
281 707
281 747
281 786
281 811
281 931
282 411
282 437
282 476
282 504
282 558
282 702
282 732
282 890
283 310
283 333
283 412
283 448
283 465
283 711
283 834
283 855
283 972
283 985
284 334
284 377
284 537
284 598
284 769
284 809
285 445
285 560
285 635
285 664
285 766
285 803
285 986
286 495
287 324
287 467
287 571
287 944
288 515
288 553
288 726
289 396
289 457
289 571
289 703
289 739
290 326
290 432
290 587
290 813
291 383
291 543
291 592
291 623
291 714
291 729
291 805
291 821
292 374
292 765
292 794
292 840
292 852
293 375
293 608
293 632
293 826
293 988
294 419
294 442
294 488
294 675
294 941
295 307
295 617
295 717
295 854
295 871
295 894
296 302
296 321
296 461
296 634
296 751
296 808
296 980
297 300
297 462
297 550
297 662
297 678
297 824
297 853
298 373
298 401
298 428
298 567
298 843
298 892
299 360
299 573
299 578
299 647
299 736
299 761
299 807
300 456
300 462
300 569
300 678
300 736
300 953
301 562
301 757
301 801
302 461
302 521
302 743
302 751
302 881
302 899
303 363
303 385
303 439
303 602
303 609
303 706
303 858
304 372
304 494
304 608
304 777
304 877
305 332
305 436
305 589
305 648
305 670
305 680
305 848
306 329
306 510
306 742
306 762
306 963
307 358
307 496
307 617
307 854
307 871
307 894
308 390
308 408
308 530
308 741
308 983
309 626
309 666
309 837
310 333
310 412
310 448
310 669
310 780
310 834
310 855
310 985
311 472
311 478
311 542
311 660
311 911
311 912
311 925
312 335
312 352
312 414
312 497
312 786
312 929
313 432
313 485
313 506
313 794
314 421
314 529
314 549
314 812
315 373
315 382
315 428
315 524
315 567
315 793
315 892
315 901
315 947
316 334
316 598
316 663
316 699
316 762
316 968
317 345
317 427
317 548
317 883
317 932
317 976
318 690
318 795
318 836
318 937
318 942
318 948
319 454
319 566
319 846
319 977
319 999
320 349
320 546
320 688
320 698
320 873
321 461
321 634
321 808
321 980
322 594
322 749
322 878
322 956
323 403
323 422
323 481
323 540
323 564
323 913
323 989
324 475
324 597
324 944
325 450
325 520
325 589
325 601
325 787
325 874
326 432
326 531
326 765
326 794
327 671
327 676
327 782
327 898
328 433
328 665
328 887
328 927
328 955
328 990
329 406
329 689
329 774
329 963
330 444
330 592
330 928
330 964
331 393
331 399
331 692
331 857
331 933
332 347
332 436
332 648
332 667
332 804
332 848
332 969
333 412
333 855
333 879
333 949
333 985
334 420
334 598
334 663
334 796
334 809
334 968
335 414
335 519
335 747
335 914
335 917
335 929
335 974
336 376
336 464
336 625
336 672
336 823
336 943
337 713
337 720
337 753
337 777
338 561
338 938
339 364
339 627
339 951
340 435
340 447
340 590
340 596
340 739
340 820
340 873
341 568
341 715
341 791
341 900
341 967
341 987
342 454
342 493
342 719
342 822
343 351
343 910
343 954
344 469
344 614
344 816
344 831
345 427
345 544
345 548
345 583
345 710
345 883
345 932
345 976
346 384
346 462
346 612
346 678
346 683
346 895
347 436
347 648
347 804
347 882
347 887
347 955
347 969
348 388
348 486
348 591
348 636
348 745
348 959
349 606
349 646
349 688
350 405
350 597
350 814
350 849
351 530
351 815
351 954
351 983
352 471
352 497
352 786
353 473
353 533
353 556
353 922
354 418
354 570
354 631
354 701
354 785
354 989
355 829
355 838
355 880
355 906
356 367
356 425
356 509
356 655
356 763
356 991
357 715
358 513
358 557
358 738
358 871
358 903
358 940
359 424
359 482
359 708
359 752
359 934
359 973
360 456
360 527
360 573
360 736
360 744
360 853
361 418
361 622
362 441
362 638
362 748
362 975
363 602
363 706
363 858
364 843
365 449
365 718
365 733
365 830
365 908
366 528
366 569
366 731
366 779
366 930
366 953
366 995
367 555
367 655
367 657
367 684
367 704
367 763
367 991
368 565
368 707
368 786
368 811
368 931
369 424
369 517
369 708
370 474
370 475
370 577
371 384
371 773
371 895
371 958
372 423
372 494
372 608
373 401
373 428
373 567
373 892
374 765
374 794
374 840
374 852
374 896
375 420
375 537
375 608
375 611
375 632
375 826
375 877
376 555
376 657
376 672
376 704
376 823
376 865
376 943
377 406
377 537
377 549
377 611
377 769
377 826
378 399
378 416
378 519
378 692
378 788
378 914
379 479
379 787
379 839
380 409
380 516
380 997
381 483
381 673
381 920
382 523
382 524
382 578
382 807
382 901
382 947
383 535
383 542
383 543
383 623
383 714
383 729
383 925
384 462
384 683
384 806
384 895
385 429
385 439
385 750
385 858
385 870
385 960
386 395
386 412
386 489
386 711
386 716
386 847
386 996
387 502
387 644
387 831
388 486
388 591
388 633
388 745
388 959
389 407
389 553
389 687
389 721
389 727
389 971
390 466
390 935
391 403
391 526
391 532
391 745
391 764
391 913
392 448
392 511
392 780
392 799
392 817
392 834
393 779
393 857
393 909
393 992
393 995
394 697
394 737
394 872
395 489
395 619
395 679
395 768
395 847
395 949
396 457
396 541
396 703
396 904
397 468
397 656
397 659
397 819
397 885
397 945
397 950
398 695
398 841
399 416
399 519
399 692
399 788
399 857
399 914
399 917
399 933
400 651
401 428
401 843
401 892
402 478
402 542
402 592
402 714
402 911
402 912
402 928
403 482
403 764
403 913
404 451
404 539
404 778
405 411
405 558
405 814
405 835
405 849
406 549
406 769
406 774
407 553
407 687
407 694
407 721
407 727
407 971
408 530
408 618
408 741
408 977
408 983
409 498
409 748
409 754
409 975
409 997
410 483
410 620
410 643
410 758
410 876
410 888
410 920
411 437
411 558
411 563
411 702
411 835
411 890
412 711
412 949
412 985
413 893
413 994
414 565
414 707
414 747
414 786
414 929
414 974
415 431
415 515
415 691
415 712
415 726
415 827
416 692
416 914
417 699
417 713
417 734
417 856
418 481
418 570
418 631
418 784
419 640
419 675
419 932
419 941
419 979
420 537
420 598
420 796
420 809
420 877
421 529
421 812
421 923
421 998
422 481
422 518
422 540
422 564
422 784
422 989
423 494
423 507
423 613
423 939
424 517
424 649
424 708
424 722
424 752
424 934
424 973
425 509
425 522
425 655
425 981
426 430
426 600
426 916
426 931
427 544
427 548
427 583
427 710
427 883
427 976
428 524
428 567
429 582
429 588
429 595
429 750
429 858
429 960
430 484
430 916
430 940
431 639
431 691
431 712
431 760
431 770
431 851
432 506
432 794
432 813
433 450
433 601
433 665
433 927
433 969
434 538
434 547
434 605
434 709
434 800
434 862
434 935
435 590
435 739
435 755
435 867
435 889
436 589
436 601
436 648
436 969
437 504
437 563
437 702
437 730
437 732
437 890
437 946
438 469
438 998
439 609
439 855
439 879
440 445
440 493
440 560
440 566
441 503
441 536
441 638
441 748
441 793
442 860
442 941
442 979
443 629
443 819
443 924
443 945
443 950
444 554
444 624
444 964
445 560
445 766
446 496
446 639
446 641
446 724
446 770
446 851
447 546
447 590
447 596
447 820
447 841
447 873
448 511
448 593
448 669
448 780
448 799
448 834
448 855
449 718
449 733
449 868
450 520
450 589
450 601
450 874
451 585
451 668
451 778
451 880
451 906
451 962
452 490
452 580
452 637
452 705
452 775
452 802
453 458
453 545
453 653
453 838
453 921
454 493
454 566
454 579
454 822
454 846
455 607
455 641
455 861
455 993
456 569
456 573
456 736
456 744
456 853
456 953
457 574
457 703
457 944
458 512
458 545
458 653
458 838
458 921
459 470
459 544
459 599
459 905
459 991
460 583
460 710
460 828
460 919
461 746
461 808
461 899
462 612
462 678
462 683
463 649
463 752
463 973
464 625
464 658
465 486
465 633
465 711
465 716
465 817
465 959
465 972
466 792
466 986
467 571
467 596
467 597
467 695
467 814
467 820
468 656
468 659
468 661
468 690
468 836
468 937
468 948
468 950
469 614
469 728
470 509
470 544
470 650
470 919
470 991
471 484
471 818
472 478
472 541
472 660
472 912
472 925
473 533
473 922
474 475
474 577
475 577
476 732
476 866
476 890
477 511
477 799
478 542
478 911
478 912
478 925
479 491
479 723
479 839
480 487
480 576
480 667
480 804
480 882
481 518
481 540
481 564
481 570
481 784
481 989
482 752
483 758
483 876
483 888
483 920
484 818
485 506
485 575
485 694
485 852
486 633
486 652
486 716
486 959
486 978
486 996
487 576
487 667
487 804
487 882
488 675
489 619
489 679
489 847
490 645
490 705
490 802
490 897
490 910
491 613
491 723
491 839
491 988
492 517
492 725
492 790
492 934
494 939
495 584
495 909
495 995
496 617
496 641
496 724
496 770
496 854
497 929
497 958
498 778
498 975
499 530
499 767
500 683
500 806
500 895
501 618
501 986
502 644
502 670
502 680
502 686
502 831
503 536
503 630
503 638
503 793
503 892
503 901
503 965
504 730
504 732
504 861
504 890
505 522
505 603
505 863
505 981
506 694
506 721
507 613
507 789
507 939
508 755
508 797
508 889
508 925
509 522
509 981
509 991
510 616
510 656
510 742
510 762
510 842
510 963
511 780
511 799
511 834
512 545
512 583
512 710
512 838
512 883
513 557
513 738
514 527
514 586
514 771
514 956
515 553
515 712
515 726
515 727
516 572
517 708
517 722
517 934
518 540
518 725
518 784
519 692
519 914
519 917
519 933
519 966
519 974
520 787
520 874
520 926
521 743
521 881
521 899
522 981
523 524
523 578
523 584
523 807
523 947
524 567
524 947
525 593
525 970
526 532
526 591
526 636
526 745
527 573
527 586
527 647
527 744
527 771
528 612
528 692
528 731
528 779
528 788
528 857
528 930
528 995
529 812
529 923
529 998
530 741
530 954
530 983
531 765
531 840
531 869
532 591
532 636
532 745
532 764
532 913
533 534
533 556
533 922
534 556
535 543
535 623
535 654
535 714
535 729
535 864
535 925
536 630
536 638
536 748
536 749
536 754
536 793
536 901
536 965
537 549
537 611
537 769
537 809
537 826
537 877
538 665
538 709
538 862
539 681
539 759
539 781
539 828
539 919
539 982
540 784
541 660
541 889
541 904
542 592
542 714
542 911
542 912
542 925
543 623
543 654
543 714
543 729
543 821
543 864
544 710
544 905
545 583
545 883
545 932
545 976
546 841
546 873
547 665
547 709
547 740
547 800
547 862
547 935
548 883
548 932
548 976
548 979
549 611
549 769
549 826
550 662
550 678
550 824
550 853
551 654
551 693
551 864
552 559
552 685
552 815
552 833
552 954
552 999
553 727
554 624
554 964
555 657
555 684
555 704
555 823
555 825
555 865
555 943
556 677
557 604
557 738
557 903
558 702
558 835
558 849
558 890
559 685
559 815
559 833
559 846
559 999
560 566
560 766
561 840
561 869
561 896
562 674
562 693
562 757
562 801
563 691
563 702
563 837
563 946
564 745
564 913
564 989
565 786
565 811
565 931
566 618
567 947
568 610
568 674
568 715
568 791
568 801
568 907
568 967
569 736
569 953
570 631
570 701
570 784
570 785
570 989
571 596
571 820
571 944
572 681
572 781
572 798
573 578
573 647
573 736
573 744
573 761
573 807
574 703
575 604
575 687
575 694
575 852
576 667
576 804
577 626
578 647
578 761
578 807
578 901
578 965
579 719
579 772
579 822
579 846
580 637
580 775
580 802
581 768
581 783
581 879
581 949
582 588
582 595
582 642
582 772
583 710
583 883
583 976
585 627
585 778
585 962
586 594
586 647
586 749
586 761
586 771
586 956
587 813
588 595
588 685
588 750
588 756
588 810
588 875
589 601
589 874
589 969
590 739
590 867
590 873
591 636
591 745
591 959
591 978
592 714
592 911
592 928
592 964
593 609
593 669
593 780
593 855
593 970
594 630
594 749
594 878
594 956
595 750
595 756
595 810
595 870
595 960
596 695
596 820
597 814
598 769
598 796
598 809
599 684
599 704
599 825
599 905
599 943
600 896
600 916
601 969
602 609
602 706
602 970
603 650
603 759
603 863
603 919
603 981
603 982
604 738
604 852
604 903
605 767
605 862
605 884
605 935
606 797
606 867
607 866
607 993
608 611
608 632
608 826
608 877
608 988
609 970
610 674
610 791
610 801
610 805
610 821
610 864
610 907
611 632
611 769
611 826
611 877
612 930
613 839
613 988
614 728
614 735
615 634
615 830
615 832
615 844
615 898
615 961
615 980
616 656
616 742
616 819
616 950
617 641
617 717
617 854
617 894
618 977
619 679
619 768
620 643
620 655
620 671
620 696
620 758
620 763
621 659
621 746
621 776
621 808
621 885
621 945
622 631
623 714
623 729
623 805
623 821
624 677
624 700
625 658
625 823
625 825
625 943
628 841
629 733
629 885
629 908
629 945
630 749
630 761
630 878
630 901
630 965
631 701
631 785
632 723
632 826
632 988
633 817
633 959
633 972
634 808
634 830
634 898
634 961
634 980
635 664
635 766
635 789
635 803
635 986
636 978
637 705
637 775
637 783
637 802
637 952
638 748
638 754
638 975
639 724
639 730
639 760
639 770
639 851
640 675
640 979
641 724
641 730
641 854
642 719
642 772
643 671
643 696
643 758
643 888
644 680
644 686
644 831
645 705
645 815
645 875
645 897
645 910
647 749
647 761
647 956
648 667
648 680
648 804
648 848
648 886
649 722
649 752
649 850
649 902
649 973
650 759
650 828
650 863
650 919
650 982
651 773
652 716
652 978
652 996
653 860
653 921
654 864
655 696
655 763
655 991
656 661
656 742
656 819
656 950
657 704
657 758
657 763
657 865
657 876
659 690
659 746
659 776
659 885
660 904
661 795
661 836
661 842
661 937
661 948
662 678
662 683
662 806
662 824
663 699
663 713
663 720
663 968
664 766
664 803
664 986
665 709
665 862
665 927
666 827
666 837
666 946
667 804
667 848
667 886
668 829
668 880
668 951
668 957
668 962
669 780
669 834
669 855
670 680
670 816
670 831
671 676
671 696
671 763
672 823
672 943
673 743
673 881
673 920
674 757
674 801
674 821
674 864
674 907
676 782
676 984
677 700
678 824
679 768
679 847
680 686
680 831
680 848
680 886
681 781
681 798
682 707
682 747
682 811
682 915
682 966
682 974
683 806
683 895
684 704
684 825
684 905
684 943
685 810
685 815
685 833
685 875
685 897
686 886
687 694
687 727
687 971
688 698
689 774
689 963
690 746
690 776
690 937
690 942
691 712
691 760
691 946
692 779
692 788
692 857
692 914
693 757
694 721
694 971
695 841
696 758
696 763
697 737
697 845
697 872
699 713
699 856
699 968
701 785
702 835
702 837
702 946
703 904
704 825
704 865
704 943
705 756
705 802
705 810
705 875
705 897
705 952
706 858
707 747
707 811
707 915
707 974
708 752
708 934
708 973
709 862
709 927
710 976
711 716
711 847
711 949
711 985
711 996
712 726
712 851
713 720
714 729
714 925
715 907
715 967
715 987
716 847
716 996
717 854
717 993
718 868
718 891
719 822
720 753
721 971
722 752
722 850
722 973
723 728
723 735
723 839
723 988
724 730
724 760
724 770
724 851
724 854
725 790
725 987
726 827
727 971
728 735
728 812
729 864
730 732
730 760
730 770
730 861
731 779
731 788
731 857
731 930
731 953
731 995
732 861
732 890
733 859
733 908
734 856
734 859
734 924
735 839
736 807
736 953
737 845
737 850
737 872
737 902
738 903
739 820
739 889
740 792
740 800
740 926
741 767
742 762
742 819
743 881
744 853
745 913
746 776
746 899
747 811
747 915
747 917
747 974
748 754
748 975
749 761
749 878
749 956
749 965
750 756
750 870
750 952
750 960
751 881
751 888
752 973
753 777
753 796
754 878
754 997
755 797
755 867
755 889
756 802
756 810
756 870
756 952
756 960
757 801
757 907
758 763
758 876
759 781
759 798
759 828
759 863
759 919
759 982
760 770
760 851
761 965
762 968
764 913
765 794
765 840
765 869
766 803
767 884
768 783
769 809
770 851
771 956
772 822
776 808
776 885
777 796
779 788
779 857
779 930
779 992
779 995
780 799
780 834
780 855
781 798
781 863
781 982
782 832
782 844
782 961
782 984
783 870
783 952
784 989
785 989
786 931
787 874
788 857
788 930
789 803
790 900
790 918
790 987
791 805
791 821
791 900
791 967
792 803
792 926
792 986
793 892
793 901
793 965
794 840
794 852
795 836
795 842
795 937
795 948
796 809
796 877
797 867
798 863
798 982
799 834
800 862
800 935
801 907
802 952
803 986
804 848
804 882
805 821
806 824
808 980
809 877
810 833
810 875
810 897
812 998
814 849
815 833
815 875
815 897
815 910
815 954
816 831
817 834
817 972
818 894
819 950
821 864
821 907
823 865
823 943
825 905
825 943
826 988
828 919
828 982
829 838
829 880
829 906
829 962
830 961
830 980
832 844
832 891
832 961
832 984
833 846
833 875
833 999
836 842
836 937
836 948
837 946
838 880
838 906
838 921
840 869
840 896
842 963
843 892
844 891
844 898
844 961
844 984
845 872
845 922
846 999
847 996
848 886
849 994
850 902
850 973
855 985
856 924
857 992
857 995
859 868
860 941
862 935
863 982
865 876
865 943
867 873
870 952
870 960
871 894
875 897
876 920
878 956
879 949
880 906
880 962
881 888
882 887
882 955
883 932
883 976
883 979
885 945
887 927
887 955
887 990
888 920
892 901
895 958
897 910
898 961
898 980
900 967
900 987
901 965
903 916
903 940
906 962
908 945
909 992
909 995
911 912
911 928
914 917
914 929
915 917
915 966
915 974
916 940
917 933
917 966
917 974
919 982
923 998
927 990
928 964
929 974
930 953
932 941
932 976
932 979
933 966
936 997
937 942
937 948
941 979
942 948
949 985
951 957
952 960
954 983
955 969
957 962
959 972
961 980
966 974
967 987
977 983
977 999
978 996
992 995
