1000
0 0.848759 0.553625
1 0.049927 0.577309
2 0.752169 0.396254
3 0.450117 0.964165
4 0.120605 0.261939
5 0.332904 0.871997
6 0.045495 0.048905
7 0.965280 0.037109
8 0.590371 0.978372
9 0.348844 0.887538
10 0.984866 0.738269
11 0.554900 0.753538
12 0.245242 0.368360
13 0.263595 0.868939
14 0.949607 0.729213
15 0.141562 0.059578
16 0.230991 0.162181
17 0.173949 0.978965
18 0.831830 0.701191
19 0.849298 0.260110
20 0.354644 0.856175
21 0.617391 0.806779
22 0.180030 0.614539
23 0.008337 0.854433
24 0.137997 0.665856
25 0.516438 0.806200
26 0.970612 0.553875
27 0.935863 0.651104
28 0.272627 0.793563
29 0.776195 0.618660
30 0.021919 0.945050
31 0.803776 0.225358
32 0.570914 0.859688
33 0.083092 0.869730
34 0.070327 0.168923
35 0.915019 0.926529
36 0.957113 0.536825
37 0.636970 0.952100
38 0.896714 0.436032
39 0.969909 0.216823
40 0.045457 0.661000
41 0.889230 0.345249
42 0.062955 0.951075
43 0.024239 0.401440
44 0.816149 0.481478
45 0.560594 0.952415
46 0.842800 0.641331
47 0.783537 0.875466
48 0.131917 0.606386
49 0.036289 0.016451
50 0.159119 0.358184
51 0.918158 0.783171
52 0.021190 0.646242
53 0.897167 0.517747
54 0.882526 0.933240
55 0.368478 0.920318
56 0.125615 0.959148
57 0.080489 0.207984
58 0.933067 0.871062
59 0.871016 0.375382
60 0.949287 0.404015
61 0.133151 0.143955
62 0.370560 0.789008
63 0.676666 0.923077
64 0.768760 0.590942
65 0.903119 0.282394
66 0.960015 0.769380
67 0.058930 0.002072
68 0.247596 0.809126
69 0.738310 0.865643
70 0.589680 0.879090
71 0.838365 0.150015
72 0.689763 0.808125
73 0.197219 0.298023
74 0.377693 0.872455
75 0.946658 0.690411
76 0.072828 0.575118
77 0.196192 0.219400
78 0.220162 0.693725
79 0.127630 0.448595
80 0.967882 0.856734
81 0.610940 0.963776
82 0.046172 0.383954
83 0.956474 0.641177
84 0.063548 0.348574
85 0.916273 0.090704
86 0.657725 0.864844
87 0.243449 0.726254
88 0.939342 0.967736
89 0.544117 0.954466
90 0.616502 0.781382
91 0.136955 0.992084
92 0.974552 0.445604
93 0.206164 0.282301
94 0.780737 0.343757
95 0.040944 0.264637
96 0.971042 0.902393
97 0.600195 0.849824
98 0.215415 0.989876
99 0.222554 0.535515
100 0.897413 0.926825
101 0.879703 0.732435
102 0.068282 0.751431
103 0.284526 0.776190
104 0.148150 0.262934
105 0.187237 0.133580
106 0.090521 0.022120
107 0.388069 0.972307
108 0.029643 0.564883
109 0.813015 0.381911
110 0.196710 0.094967
111 0.235963 0.596313
112 0.043947 0.528360
113 0.203466 0.186460
114 0.212640 0.925726
115 0.079276 0.707628
116 0.019489 0.381621
117 0.264028 0.819490
118 0.040915 0.347112
119 0.778770 0.327346
120 0.847271 0.071334
121 0.134328 0.502131
122 0.995654 0.267591
123 0.831394 0.563766
124 0.944989 0.627877
125 0.172793 0.073996
126 0.817787 0.354570
127 0.787169 0.552790
128 0.023490 0.745718
129 0.887299 0.133009
130 0.986508 0.886725
131 0.804367 0.395767
132 0.217770 0.075724
133 0.513706 0.879555
134 0.406934 0.988162
135 0.081688 0.406924
136 0.063548 0.060412
137 0.026271 0.709539
138 0.269094 0.962454
139 0.227667 0.975663
140 0.223632 0.809914
141 0.481865 0.875826
142 0.198074 0.918942
143 0.995844 0.726515
144 0.907797 0.823138
145 0.917800 0.032466
146 0.129526 0.004267
147 0.224948 0.249594
148 0.766575 0.643190
149 0.154411 0.442968
150 0.075975 0.928543
151 0.348958 0.995830
152 0.903119 0.738213
153 0.160219 0.854488
154 0.785771 0.278697
155 0.096581 0.382482
156 0.291892 0.808840
157 0.990439 0.196108
158 0.875665 0.176951
159 0.894915 0.597328
160 0.023147 0.216449
161 0.195668 0.075688
162 0.281073 0.903105
163 0.758700 0.517616
164 0.090896 0.299492
165 0.522182 0.974362
166 0.021492 0.499925
167 0.042719 0.181765
168 0.644620 0.900676
169 0.152506 0.102065
170 0.029883 0.860779
171 0.665922 0.791877
172 0.778002 0.511763
173 0.658103 0.848765
174 0.477672 0.768827
175 0.176114 0.229829
176 0.080701 0.549010
177 0.019821 0.421458
178 0.199647 0.817374
179 0.020287 0.786294
180 0.980069 0.517915
181 0.754265 0.009429
182 0.149134 0.722967
183 0.780963 0.970269
184 0.008868 0.290287
185 0.518811 0.900794
186 0.000261 0.800916
187 0.232964 0.227589
188 0.874404 0.465073
189 0.806394 0.648815
190 0.863835 0.763416
191 0.855378 0.020273
192 0.162579 0.289600
193 0.827014 0.665228
194 0.145741 0.552234
195 0.989619 0.673604
196 0.178329 0.050693
197 0.918214 0.437510
198 0.837474 0.047422
199 0.190417 0.425980
200 0.047400 0.554944
201 0.976454 0.386192
202 0.102993 0.583227
203 0.235197 0.705010
204 0.530324 0.924794
205 0.870737 0.959709
206 0.927226 0.197835
207 0.756623 0.207440
208 0.779394 0.226462
209 0.186455 0.383175
210 0.802964 0.785397
211 0.400776 0.791980
212 0.832573 0.592673
213 0.389897 0.857740
214 0.973235 0.151859
215 0.523004 0.947548
216 0.566296 0.768216
217 0.090288 0.247415
218 0.790166 0.068852
219 0.010764 0.340758
220 0.123719 0.025648
221 0.439044 0.875058
222 0.758082 0.435009
223 0.782480 0.645586
224 0.039940 0.123910
225 0.804989 0.918438
226 0.065424 0.666960
227 0.944029 0.239889
228 0.851416 0.578339
229 0.201150 0.621232
230 0.201437 0.896558
231 0.858380 0.781926
232 0.774261 0.542959
233 0.173827 0.812527
234 0.820808 0.914653
235 0.583884 0.829805
236 0.446531 0.775929
237 0.893294 0.043952
238 0.288741 0.757852
239 0.082897 0.153036
240 0.992627 0.923793
241 0.214459 0.105366
242 0.178612 0.891555
243 0.918838 0.284704
244 0.995915 0.996464
245 0.919881 0.115137
246 0.991788 0.019649
247 0.014315 0.107434
248 0.467506 0.991824
249 0.373780 0.824446
250 0.487702 0.830793
251 0.832980 0.388737
252 0.663307 0.756533
253 0.859683 0.973918
254 0.132482 0.472350
255 0.932551 0.405639
256 0.631030 0.789843
257 0.886616 0.771458
258 0.340370 0.977255
259 0.569046 0.904454
260 0.050698 0.808906
261 0.864235 0.086385
262 0.503934 0.821038
263 0.838829 0.288917
264 0.800895 0.691054
265 0.960435 0.458590
266 0.873896 0.302547
267 0.012055 0.044676
268 0.808185 0.446801
269 0.853206 0.346697
270 0.418202 0.964909
271 0.192907 0.696968
272 0.100391 0.616435
273 0.088489 0.467265
274 0.178930 0.939045
275 0.516779 0.836287
276 0.846992 0.172682
277 0.332828 0.943828
278 0.347435 0.952790
279 0.081974 0.595063
280 0.752884 0.058804
281 0.888057 0.847851
282 0.876638 0.053405
283 0.809471 0.952485
284 0.846452 0.451772
285 0.977049 0.773286
286 0.142737 0.797915
287 0.912944 0.880045
288 0.643136 0.756407
289 0.458643 0.760891
290 0.869554 0.644520
291 0.791155 0.749255
292 0.840846 0.359142
293 0.696551 0.868303
294 0.705272 0.800516
295 0.859457 0.941574
296 0.815967 0.000047
297 0.476706 0.934531
298 0.887113 0.908218
299 0.154346 0.986881
300 0.229670 0.653804
301 0.093485 0.334162
302 0.294755 0.855517
303 0.108287 0.152222
304 0.229906 0.874611
305 0.985175 0.136812
306 0.184130 0.784919
307 0.532549 0.771645
308 0.200015 0.505267
309 0.548813 0.850899
310 0.824336 0.413539
311 0.943608 0.825300
312 0.782785 0.052697
313 0.172923 0.634943
314 0.824796 0.202362
315 0.808382 0.183022
316 0.223591 0.190006
317 0.159667 0.684951
318 0.352041 0.917579
319 0.930717 0.672665
320 0.479186 0.953995
321 0.949962 0.341721
322 0.765379 0.287970
323 0.007663 0.124165
324 0.149233 0.079385
325 0.839405 0.841998
326 0.782486 0.098616
327 0.966210 0.428421
328 0.161806 0.709861
329 0.792815 0.177863
330 0.076299 0.996143
331 0.000969 0.165796
332 0.053029 0.855636
333 0.101312 0.644913
334 0.231894 0.130896
335 0.217717 0.429519
336 0.720513 0.778375
337 0.015115 0.251101
338 0.147088 0.130767
339 0.338233 0.833360
340 0.943427 0.061445
341 0.020275 0.928982
342 0.967649 0.012738
343 0.497366 0.889877
344 0.901067 0.465322
345 0.001464 0.431443
346 0.461601 0.877415
347 0.924999 0.513319
348 0.780887 0.720331
349 0.895404 0.366007
350 0.961803 0.287242
351 0.862328 0.564574
352 0.056927 0.256073
353 0.023572 0.976836
354 0.963857 0.978896
355 0.524762 0.852406
356 0.117709 0.902163
357 0.106309 0.514489
358 0.085935 0.069944
359 0.468250 0.916281
360 0.840063 0.105226
361 0.135718 0.384970
362 0.907413 0.302886
363 0.045239 0.870467
364 0.234680 0.520715
365 0.094055 0.951082
366 0.155654 0.004390
367 0.227203 0.053319
368 0.120934 0.544660
369 0.152499 0.601288
370 0.488603 0.855873
371 0.077930 0.004140
372 0.738856 0.811830
373 0.813054 0.709228
374 0.804191 0.280954
375 0.898579 0.265877
376 0.156702 0.336150
377 0.222033 0.726723
378 0.828545 0.806170
379 0.005658 0.663899
380 0.924270 0.376374
381 0.624567 0.842942
382 0.915405 0.957693
383 0.040579 0.791465
384 0.815439 0.842303
385 0.114673 0.808396
386 0.917446 0.563873
387 0.684830 0.947558
388 0.047752 0.506715
389 0.169818 0.016693
390 0.776125 0.130601
391 0.691330 0.755932
392 0.164254 0.213557
393 0.117413 0.179972
394 0.760943 0.681720
395 0.237966 0.419343
396 0.085187 0.440970
397 0.493778 0.989021
398 0.072153 0.849101
399 0.764007 0.841036
400 0.408273 0.751091
401 0.131738 0.576854
402 0.075714 0.257819
403 0.104093 0.548356
404 0.194008 0.113603
405 0.834039 0.500231
406 0.909891 0.398630
407 0.900788 0.790535
408 0.726846 0.905950
409 0.056568 0.371534
410 0.016700 0.827334
411 0.760796 0.074823
412 0.183220 0.718788
413 0.097642 0.354557
414 0.874125 0.838073
415 0.850696 0.826618
416 0.158034 0.744571
417 0.589600 0.958779
418 0.328075 0.966562
419 0.675908 0.817365
420 0.733129 0.756957
421 0.022566 0.891975
422 0.165717 0.255440
423 0.895231 0.947750
424 0.248881 0.396202
425 0.926293 0.543250
426 0.535094 0.828991
427 0.495262 0.938712
428 0.893028 0.250284
429 0.391406 0.822094
430 0.322736 0.764153
431 0.166839 0.309587
432 0.806056 0.430018
433 0.872253 0.324213
434 0.010641 0.483463
435 0.780989 0.896761
436 0.158333 0.786286
437 0.952804 0.747362
438 0.910989 0.670368
439 0.224020 0.767103
440 0.235180 0.489126
441 0.656219 0.883643
442 0.867021 0.160296
443 0.914024 0.636287
444 0.859691 0.887491
445 0.098775 0.695245
446 0.415040 0.927568
447 0.195681 0.335323
448 0.093779 0.568894
449 0.955860 0.091292
450 0.002737 0.402967
451 0.082580 0.226764
452 0.725623 0.966046
453 0.777538 0.412031
454 0.607845 0.915905
455 0.755690 0.455199
456 0.170268 0.141416
457 0.126686 0.938329
458 0.920800 0.582887
459 0.088845 0.494179
460 0.249758 0.196936
461 0.759115 0.976996
462 0.094616 0.418126
463 0.964653 0.366631
464 0.079474 0.645023
465 0.853853 0.402744
466 0.517087 0.751985
467 0.753981 0.234036
468 0.834980 0.516038
469 0.211410 0.781182
470 0.167429 0.432243
471 0.007842 0.721465
472 0.810933 0.596481
473 0.079554 0.893201
474 0.536894 0.881048
475 0.248656 0.135089
476 0.995258 0.640075
477 0.663068 0.907523
478 0.098169 0.929546
479 0.213520 0.480373
480 0.108106 0.304242
481 0.152631 0.233724
482 0.150827 0.475597
483 0.766757 0.031271
484 0.974855 0.307927
485 0.947037 0.926502
486 0.756250 0.144169
487 0.539452 0.995833
488 0.721320 0.818953
489 0.627612 0.965377
490 0.136087 0.815866
491 0.070828 0.909115
492 0.981574 0.109123
493 0.152000 0.023376
494 0.295397 0.873246
495 0.038851 0.835497
496 0.211175 0.124211
497 0.099729 0.047032
498 0.803918 0.199972
499 0.224271 0.948590
500 0.955788 0.837276
501 0.165979 0.880969
502 0.314580 0.812093
503 0.207877 0.763413
504 0.026610 0.091281
505 0.892369 0.489430
506 0.284516 0.824412
507 0.428017 0.904056
508 0.103440 0.106621
509 0.235486 0.995939
510 0.184990 0.453129
511 0.849777 0.752693
512 0.936156 0.135360
513 0.940809 0.170493
514 0.228000 0.007128
515 0.235050 0.387183
516 0.226595 0.790280
517 0.951474 0.579557
518 0.815996 0.256608
519 0.505134 0.779752
520 0.942412 0.511060
521 0.803779 0.969634
522 0.211686 0.212836
523 0.019003 0.992526
524 0.163163 0.545275
525 0.239776 0.856752
526 0.118593 0.760473
527 0.601338 0.947117
528 0.105463 0.496722
529 0.595373 0.767294
530 0.996302 0.311524
531 0.403733 0.833753
532 0.117226 0.983728
533 0.178886 0.325308
534 0.180127 0.872753
535 0.217764 0.834077
536 0.053484 0.134981
537 0.920907 0.164972
538 0.959409 0.659293
539 0.753451 0.173463
540 0.384279 0.926899
541 0.002687 0.190307
542 0.054818 0.290905
543 0.794685 0.359336
544 0.019994 0.233291
545 0.876644 0.534056
546 0.503863 0.909210
547 0.253318 0.973501
548 0.999312 0.286115
549 0.861614 0.186691
550 0.605789 0.983102
551 0.246672 0.449132
552 0.762686 0.470272
553 0.977036 0.072334
554 0.765241 0.247545
555 0.903908 0.217111
556 0.448748 0.803056
557 0.785936 0.003870
558 0.180240 0.160867
559 0.843095 0.424460
560 0.806180 0.016454
561 0.431179 0.841096
562 0.370262 0.888719
563 0.930922 0.307937
564 0.829799 0.076387
565 0.300633 0.902496
566 0.108851 0.849554
567 0.652335 0.981424
568 0.920568 0.688355
569 0.875785 0.252987
570 0.109727 0.999392
571 0.486245 0.904248
572 0.769586 0.155633
573 0.445985 0.937881
574 0.673701 0.995703
575 0.855674 0.710737
576 0.943381 0.596568
577 0.045063 0.067663
578 0.499577 0.870512
579 0.490011 0.807005
580 0.775781 0.928906
581 0.808216 0.526419
582 0.592646 0.899033
583 0.292697 0.942058
584 0.547478 0.931761
585 0.887179 0.110463
586 0.270385 0.837271
587 0.114756 0.231755
588 0.795852 0.841375
589 0.014458 0.913561
590 0.105662 0.871732
591 0.103362 0.710920
592 0.197678 0.360882
593 0.369236 0.997340
594 0.977339 0.826590
595 0.847416 0.477166
596 0.235864 0.435907
597 0.916143 0.707877
598 0.990814 0.844046
599 0.024057 0.464368
600 0.861618 0.523766
601 0.934708 0.084016
602 0.210621 0.372942
603 0.964786 0.708180
604 0.090804 0.969433
605 0.063236 0.321983
606 0.187211 0.552726
607 0.177527 0.955155
608 0.905520 0.653869
609 0.867822 0.429740
610 0.871355 0.028901
611 0.190234 0.597793
612 0.105955 0.402738
613 0.407419 0.911337
614 0.799883 0.041403
615 0.847516 0.202594
616 0.983781 0.571278
617 0.117730 0.717878
618 0.071594 0.274630
619 0.781767 0.428718
620 0.995166 0.762512
621 0.002079 0.875211
622 0.140479 0.351979
623 0.954593 0.209312
624 0.186332 0.279702
625 0.884926 0.507210
626 0.669194 0.954429
627 0.078120 0.341094
628 0.195884 0.946873
629 0.084221 0.185668
630 0.132306 0.337995
631 0.060381 0.830396
632 0.751853 0.554799
633 0.021601 0.314475
634 0.540299 0.810829
635 0.197417 0.670098
636 0.189438 0.569300
637 0.799517 0.612671
638 0.508108 0.853074
639 0.944706 0.029415
640 0.033029 0.581190
641 0.376213 0.772503
642 0.052989 0.451541
643 0.674781 0.867869
644 0.821484 0.290826
645 0.940338 0.556116
646 0.608637 0.757569
647 0.705050 0.847381
648 0.747592 0.885566
649 0.100983 0.774439
650 0.234945 0.891240
651 0.699826 0.903402
652 0.199998 0.464173
653 0.135607 0.044329
654 0.552704 0.971896
655 0.207929 0.240406
656 0.893047 0.006420
657 0.768347 0.559385
658 0.068911 0.794641
659 0.753750 0.904045
660 0.738876 0.772501
661 0.056181 0.225393
662 0.467433 0.897912
663 0.960773 0.623838
664 0.066238 0.424153
665 0.985952 0.619989
666 0.993598 0.244989
667 0.825299 0.454751
668 0.034899 0.622067
669 0.772130 0.760179
670 0.824519 0.547461
671 0.981732 0.000141
672 0.241493 0.210894
673 0.775845 0.210251
674 0.788160 0.257438
675 0.159105 0.038846
676 0.176262 0.768847
677 0.087102 0.808852
678 0.801372 0.633502
679 0.226356 0.323371
680 0.028320 0.521514
681 0.808896 0.089070
682 0.109634 0.670162
683 0.514451 0.989338
684 0.322113 0.924002
685 0.860098 0.993639
686 0.033129 0.156608
687 0.315206 0.881382
688 0.930444 0.729342
689 0.116548 0.063058
690 0.750894 0.365164
691 0.174441 0.837201
692 0.932409 0.492901
693 0.813954 0.563108
694 0.857159 0.686323
695 0.246160 0.178298
696 0.797156 0.501433
697 0.034095 0.486312
698 0.238217 0.541506
699 0.724362 0.945294
700 0.761228 0.703743
701 0.778390 0.391101
702 0.142097 0.520688
703 0.995833 0.388559
704 0.170809 0.097770
705 0.880949 0.797404
706 0.038486 0.933708
707 0.785560 0.460515
708 0.172233 0.403931
709 0.068103 0.813325
710 0.622449 0.992324
711 0.030415 0.292672
712 0.964355 0.180851
713 0.825765 0.649209
714 0.117365 0.479952
715 0.140079 0.780752
716 0.004339 0.221412
717 0.948624 0.447293
718 0.992176 0.969326
719 0.967146 0.917878
720 0.497573 0.764395
721 0.055942 0.632927
722 0.129934 0.689837
723 0.823137 0.976351
724 0.900205 0.413241
725 0.804647 0.327207
726 0.140907 0.222425
727 0.084245 0.765280
728 0.915852 0.144831
729 0.769974 0.377388
730 0.060530 0.690305
731 0.679047 0.888749
732 0.802180 0.807364
733 0.991076 0.493403
734 0.462588 0.824924
735 0.902818 0.990383
736 0.724093 0.922285
737 0.946919 0.986060
738 0.189865 0.988686
739 0.426193 0.760836
740 0.105573 0.280973
741 0.767496 0.871587
742 0.063154 0.602804
743 0.385095 0.752417
744 0.957579 0.801245
745 0.929481 0.612720
746 0.726119 0.796233
747 0.098173 0.889916
748 0.245224 0.666928
749 0.135616 0.866336
750 0.213872 0.655054
751 0.294934 0.970357
752 0.796055 0.301795
753 0.935254 0.765579
754 0.990191 0.865236
755 0.266587 0.754536
756 0.040641 0.311209
757 0.001943 0.701095
758 0.957879 0.382919
759 0.917070 0.483021
760 0.924483 0.749493
761 0.216883 0.742923
762 0.894982 0.707360
763 0.750460 0.502365
764 0.877536 0.192667
765 0.928620 0.356658
766 0.757716 0.956785
767 0.090832 0.827112
768 0.940311 0.324018
769 0.965878 0.591484
770 0.955098 0.475163
771 0.097322 0.219569
772 0.135432 0.433636
773 0.928444 0.245358
774 0.113754 0.372556
775 0.973575 0.331156
776 0.244912 0.262774
777 0.006042 0.586788
778 0.235667 0.621105
779 0.930980 0.213301
780 0.961395 0.934460
781 0.840162 0.866859
782 0.166654 0.652860
783 0.746050 0.790400
784 0.604777 0.831312
785 0.072067 0.503845
786 0.734512 0.839366
787 0.689177 0.983116
788 0.532870 0.788213
789 0.957076 0.118902
790 0.178504 0.505213
791 0.452314 0.996943
792 0.405754 0.943524
793 0.911582 0.241937
794 0.974381 0.726276
795 0.172675 0.730984
796 0.422292 0.787051
797 0.921653 0.327810
798 0.362034 0.941031
799 0.881787 0.272192
800 0.408673 0.858477
801 0.158204 0.154063
802 0.002973 0.379407
803 0.914350 0.531372
804 0.091247 0.675309
805 0.982399 0.175223
806 0.855452 0.861977
807 0.701703 0.784341
808 0.698343 0.822339
809 0.933477 0.707681
810 0.079261 0.725172
811 0.432918 0.970944
812 0.137110 0.901210
813 0.756415 0.620148
814 0.214375 0.152913
815 0.055072 0.404029
816 0.754058 0.344737
817 0.821205 0.732713
818 0.572759 0.978393
819 0.969458 0.195867
820 0.002839 0.078776
821 0.034305 0.000282
822 0.447828 0.893383
823 0.693707 0.924733
824 0.453374 0.839822
825 0.255761 0.766286
826 0.777415 0.782840
827 0.206675 0.865147
828 0.155761 0.666391
829 0.867282 0.119681
830 0.935537 0.805656
831 0.822355 0.118121
832 0.801516 0.157044
833 0.248724 0.030377
834 0.112104 0.204811
835 0.318058 0.793816
836 0.911553 0.178538
837 0.930388 0.984540
838 0.057353 0.153176
839 0.999885 0.416531
840 0.237831 0.579393
841 0.784626 0.825576
842 0.312178 0.991743
843 0.120982 0.323036
844 0.833988 0.438043
845 0.053750 0.713908
846 0.000752 0.938871
847 0.890910 0.578276
848 0.454286 0.857723
849 0.109720 0.957862
850 0.979772 0.937906
851 0.231311 0.680598
852 0.249727 0.115630
853 0.876715 0.976416
854 0.147670 0.309246
855 0.119486 0.650704
856 0.247346 0.683545
857 0.628346 0.909084
858 0.110991 0.457888
859 0.751300 0.413407
860 0.976008 0.239429
861 0.880660 0.678100
862 0.852235 0.806039
863 0.944237 0.194571
864 0.714407 0.985387
865 0.928936 0.843328
866 0.216915 0.388367
867 0.140623 0.159737
868 0.170655 0.180173
869 0.876634 0.390184
870 0.776914 0.175412
871 0.972683 0.501505
872 0.561956 0.993310
873 0.846188 0.005407
874 0.260335 0.897451
875 0.967283 0.687212
876 0.580214 0.801630
877 0.162769 0.528360
878 0.021580 0.363203
879 0.188439 0.195882
880 0.460917 0.789877
881 0.085373 0.117807
882 0.069473 0.078526
883 0.914530 0.907631
884 0.030298 0.040378
885 0.064395 0.468181
886 0.997677 0.811282
887 0.244262 0.558342
888 0.817113 0.629569
889 0.934129 0.262698
890 0.999622 0.182389
891 0.199189 0.011078
892 0.120669 0.790376
893 0.169277 0.574203
894 0.140269 0.702454
895 0.336312 0.787205
896 0.838906 0.918323
897 0.860194 0.730481
898 0.226667 0.468035
899 0.214613 0.453886
900 0.208322 0.404341
901 0.840111 0.733163
902 0.019105 0.622843
903 0.864702 0.916828
904 0.826835 0.895897
905 0.118510 0.921432
906 0.027846 0.772356
907 0.136167 0.103428
908 0.875014 0.588622
909 0.677775 0.770548
910 0.038901 0.736414
911 0.257494 0.931861
912 0.221813 0.639900
913 0.125439 0.525076
914 0.199522 0.161901
915 0.751291 0.594372
916 0.770562 0.360259
917 0.152856 0.406066
918 0.786447 0.241442
919 0.146216 0.370439
920 0.180802 0.471152
921 0.827849 0.959750
922 0.911092 0.600572
923 0.750241 0.660724
924 0.396030 0.895386
925 0.272840 0.855172
926 0.180716 0.211705
927 0.078501 0.378092
928 0.041777 0.433389
929 0.770807 0.800962
930 0.044908 0.906704
931 0.059354 0.107440
932 0.231330 0.094051
933 0.827950 0.992932
934 0.566147 0.842397
935 0.429704 0.888065
936 0.816900 0.507700
937 0.136717 0.849183
938 0.228604 0.267580
939 0.900390 0.058531
940 0.126961 0.246193
941 0.847868 0.121365
942 0.175744 0.118351
943 0.017023 0.156610
944 0.837201 0.338773
945 0.764358 0.268040
946 0.209266 0.032608
947 0.002285 0.640343
948 0.940959 0.461760
949 0.806849 0.997662
950 0.193905 0.746067
951 0.989523 0.404106
952 0.875883 0.860159
953 0.753749 0.934656
954 0.481525 0.752855
955 0.798236 0.135734
956 0.996714 0.075757
957 0.817463 0.771714
958 0.885972 0.078613
959 0.060166 0.200721
960 0.824232 0.183435
961 0.235728 0.824849
962 0.013864 0.605603
963 0.209883 0.315582
964 0.037955 0.638770
965 0.925496 0.047186
966 0.984353 0.478742
967 0.190873 0.040993
968 0.099109 0.265489
969 0.429788 0.823509
970 0.243993 0.347776
971 0.580615 0.920743
972 0.647839 0.791940
973 0.158469 0.910668
974 0.790772 0.529962
975 0.024448 0.806568
976 0.561651 0.793213
977 0.882790 0.414143
978 0.120316 0.350867
979 0.116395 0.086194
980 0.940030 0.283435
981 0.810214 0.073282
982 0.861498 0.279510
983 0.822107 0.823721
984 0.790148 0.575017
985 0.969764 0.882891
986 0.188605 0.969430
987 0.801419 0.864991
988 0.247243 0.749676
989 0.708548 0.951665
990 0.245901 0.477104
991 0.882021 0.994773
992 0.825922 0.615036
993 0.103419 0.076452
994 0.092729 0.522801
995 0.780886 0.309099
996 0.997430 0.954075
997 0.005036 0.273430
998 0.244419 0.959557
999 0.075729 0.480952
4000
0 123
0 212
0 228
0 351
0 468
0 545
0 600
0 670
0 693
0 908
1 76
1 108
1 176
1 200
1 279
1 640
1 742
2 222
2 453
2 619
2 690
2 701
2 729
2 859
2 916
3 248
3 270
3 297
3 320
3 573
3 791
3 811
4 104
4 217
4 480
4 481
4 587
4 740
4 940
4 968
5 9
5 20
5 302
5 339
5 494
5 562
5 687
6 49
6 136
6 267
6 577
6 882
6 884
7 246
7 340
7 342
7 553
7 639
7 671
7 965
8 45
8 81
8 417
8 489
8 527
8 550
8 654
8 710
8 818
8 872
9 20
9 55
9 74
9 318
9 562
9 687
10 14
10 66
10 143
10 285
10 437
10 603
10 620
10 794
11 216
11 307
11 466
11 529
11 788
11 976
12 424
12 515
12 602
12 866
12 970
13 162
13 302
13 304
13 494
13 525
13 586
13 650
13 874
13 925
14 66
14 75
14 437
14 597
14 603
14 688
14 753
14 760
14 794
14 809
15 125
15 169
15 196
15 220
15 324
15 493
15 497
15 653
15 675
15 689
15 979
15 993
16 113
16 316
16 334
16 460
16 475
16 496
16 695
16 814
16 914
17 91
17 98
17 274
17 299
17 607
17 628
17 738
17 986
18 193
18 264
18 373
18 575
18 694
18 817
18 897
18 901
19 263
19 518
19 569
19 644
19 799
19 982
20 74
20 213
20 249
20 339
20 562
21 90
21 235
21 256
21 381
21 784
21 876
21 972
22 229
22 313
22 369
22 611
22 782
22 893
23 170
23 363
23 410
23 421
23 495
23 621
24 317
24 333
24 682
24 722
24 782
24 828
24 855
24 894
25 250
25 262
25 275
25 307
25 426
25 519
25 579
25 634
25 788
26 36
26 180
26 517
26 616
26 645
26 769
27 75
27 83
27 124
27 319
27 438
27 443
27 538
27 568
27 608
27 663
27 745
28 68
28 103
28 117
28 156
28 238
28 506
28 586
28 755
28 825
29 64
29 148
29 189
29 223
29 472
29 637
29 678
29 813
29 888
29 915
30 42
30 341
30 353
30 589
30 706
30 846
31 208
31 314
31 315
31 498
31 518
31 673
31 674
31 918
32 70
32 97
32 235
32 309
32 474
32 934
33 332
33 363
33 398
33 473
33 491
33 566
33 590
33 747
33 767
34 57
34 167
34 239
34 303
34 536
34 629
34 686
34 838
34 959
35 54
35 100
35 298
35 382
35 423
35 485
35 883
36 180
36 347
36 425
36 517
36 520
36 616
36 645
36 803
36 871
37 81
37 489
37 527
37 550
37 567
37 626
37 710
37 857
38 188
38 197
38 344
38 406
38 609
38 724
38 977
39 157
39 227
39 623
39 666
39 712
39 779
39 805
39 819
39 860
39 863
40 52
40 226
40 379
40 464
40 668
40 721
40 730
40 964
41 59
41 269
41 349
41 433
41 765
41 797
42 150
42 365
42 478
42 491
42 604
42 706
43 82
43 116
43 177
43 345
43 409
43 450
43 802
43 815
43 878
43 928
44 268
44 284
44 405
44 468
44 595
44 667
44 696
44 707
44 936
45 89
45 204
45 215
45 417
45 527
45 584
45 654
45 818
45 872
45 971
46 189
46 193
46 290
46 678
46 713
46 888
46 992
47 399
47 435
47 588
47 648
47 659
47 741
47 987
48 202
48 272
48 369
48 401
49 67
49 267
49 371
49 821
49 884
50 209
50 361
50 376
50 447
50 533
50 592
50 622
50 630
50 919
50 978
51 66
51 144
51 257
51 407
51 705
51 744
51 753
51 760
51 830
52 379
52 668
52 721
52 902
52 947
52 962
52 964
53 347
53 425
53 505
53 545
53 600
53 625
53 692
53 759
53 803
54 100
54 205
54 295
54 298
54 382
54 423
54 853
54 883
54 903
55 277
55 278
55 318
55 540
55 562
55 613
55 792
55 798
55 924
56 91
56 299
56 365
56 457
56 478
56 532
56 570
56 604
56 849
56 905
57 217
57 451
57 587
57 629
57 661
57 771
57 834
57 959
58 80
58 287
58 500
58 865
58 883
58 985
59 251
59 269
59 292
59 349
59 465
59 869
59 977
60 201
60 255
60 327
60 380
60 406
60 463
60 717
60 758
60 951
61 303
61 338
61 393
61 456
61 801
61 867
61 907
62 211
62 249
62 429
62 641
62 743
62 895
63 168
63 387
63 477
63 626
63 651
63 731
63 823
63 989
64 127
64 472
64 632
64 637
64 657
64 813
64 915
64 984
65 243
65 266
65 362
65 375
65 428
65 563
65 569
65 793
65 799
65 889
65 980
65 982
66 285
66 437
66 620
66 744
66 753
66 760
66 830
67 106
67 371
67 821
68 117
68 140
68 506
68 516
68 535
68 586
68 825
68 961
69 293
69 399
69 408
69 647
69 648
69 659
69 741
69 786
70 97
70 259
70 454
70 582
70 934
70 971
71 276
71 442
71 549
71 829
71 831
71 832
71 941
71 955
71 960
72 171
72 294
72 336
72 419
72 488
72 647
72 746
72 807
72 808
72 909
73 93
73 192
73 431
73 447
73 533
73 624
73 679
73 938
73 963
74 213
74 562
74 800
74 924
75 319
75 438
75 538
75 568
75 597
75 603
75 688
75 809
75 875
76 176
76 200
76 202
76 279
76 403
76 448
76 640
76 742
77 113
77 147
77 175
77 187
77 316
77 392
77 522
77 655
77 879
77 926
78 87
78 203
78 271
78 300
78 377
78 635
78 748
78 750
78 851
78 856
79 149
79 254
79 273
79 396
79 470
79 482
79 714
79 772
79 858
80 130
80 311
80 500
80 594
80 598
80 754
80 865
80 985
81 417
81 489
81 527
81 550
81 710
81 818
82 84
82 116
82 118
82 135
82 409
82 802
82 815
82 878
82 927
83 124
83 319
83 443
83 476
83 538
83 663
83 665
83 745
84 118
84 301
84 409
84 413
84 605
84 627
84 756
84 927
85 245
85 340
85 449
85 585
85 601
85 939
85 958
86 168
86 173
86 293
86 381
86 441
86 477
86 643
86 731
87 203
87 377
87 755
87 761
87 825
87 856
87 988
88 354
88 382
88 485
88 735
88 737
88 780
88 837
89 165
89 204
89 215
89 487
89 584
89 654
89 818
89 872
90 256
90 288
90 529
90 646
90 876
90 972
91 299
91 532
91 570
91 849
92 265
92 327
92 717
92 770
92 839
92 948
92 951
92 966
93 147
93 624
93 655
93 776
93 938
93 963
94 119
94 126
94 543
94 690
94 725
94 729
94 816
94 916
94 995
95 184
95 337
95 352
95 402
95 542
95 544
95 618
95 661
95 711
95 997
96 130
96 240
96 485
96 719
96 754
96 780
96 850
96 985
97 235
97 381
97 784
97 934
98 139
98 499
98 509
98 547
98 738
98 986
98 998
99 308
99 364
99 606
99 698
99 887
100 205
100 295
100 298
100 382
100 423
100 883
100 903
101 152
101 190
101 257
101 511
101 575
101 597
101 762
101 897
101 901
102 649
102 658
102 727
102 810
102 845
102 910
103 156
103 238
103 430
103 755
103 825
103 835
104 175
104 192
104 422
104 481
104 624
104 726
104 940
105 110
105 241
105 338
105 404
105 456
105 496
105 558
105 704
105 801
105 814
105 914
105 942
106 146
106 220
106 371
106 497
107 134
107 270
107 593
107 792
107 798
108 112
108 200
108 640
108 680
108 777
108 962
109 126
109 131
109 251
109 292
109 310
109 543
109 701
109 729
110 125
110 132
110 161
110 241
110 404
110 496
110 704
110 932
110 942
111 229
111 778
111 840
111 887
112 166
112 176
112 200
112 388
112 680
112 697
112 785
113 316
113 522
113 558
113 695
113 814
113 868
113 879
113 914
113 926
114 142
114 230
114 274
114 499
114 628
114 650
115 226
115 445
115 591
115 617
115 730
115 804
115 810
115 845
116 118
116 177
116 219
116 409
116 450
116 802
116 815
116 878
117 140
117 156
117 506
117 586
117 925
117 961
118 219
118 409
118 605
118 627
118 633
118 756
118 878
119 322
119 543
119 725
119 752
119 816
119 916
119 995
120 198
120 261
120 282
120 360
120 564
120 681
120 958
120 981
121 254
121 357
121 482
121 528
121 702
121 714
121 877
121 913
122 350
122 530
122 548
122 666
122 860
123 212
123 228
123 351
123 472
123 581
123 670
123 693
123 984
124 443
124 538
124 576
124 663
124 665
124 745
124 769
124 922
125 161
125 169
125 196
125 324
125 675
125 704
125 967
126 131
126 251
126 269
126 292
126 543
126 725
126 944
127 172
127 232
127 581
127 632
127 657
127 670
127 693
127 974
127 984
128 137
128 179
128 471
128 845
128 906
128 910
129 245
129 442
129 585
129 728
129 829
129 941
130 240
130 598
130 719
130 754
130 985
131 251
131 310
131 432
131 453
131 543
131 619
131 701
131 729
132 161
132 241
132 367
132 932
132 946
132 967
133 141
133 185
133 275
133 343
133 355
133 370
133 474
133 546
133 571
133 578
133 638
134 270
134 593
134 811
135 155
135 396
135 409
135 462
135 612
135 664
135 815
135 927
136 358
136 497
136 577
136 882
136 884
136 993
137 471
137 730
137 757
137 845
137 910
138 139
138 547
138 583
138 751
138 911
138 998
139 499
139 509
139 547
139 628
139 738
139 986
139 998
140 178
140 439
140 469
140 516
140 535
140 961
141 221
141 343
141 346
141 359
141 370
141 546
141 571
141 578
141 638
141 662
141 822
141 848
142 230
142 242
142 274
142 499
142 607
142 628
142 973
143 603
143 620
143 794
144 281
144 311
144 407
144 414
144 705
144 830
144 865
145 237
145 340
145 639
145 656
145 939
145 965
146 220
146 366
146 389
146 493
146 653
147 187
147 522
147 655
147 672
147 776
147 938
148 189
148 223
148 394
148 678
148 813
148 923
149 199
149 254
149 470
149 482
149 510
149 708
149 772
149 917
149 920
150 365
150 473
150 478
150 491
150 604
150 706
150 905
150 930
151 258
151 278
151 418
151 593
151 842
152 257
152 597
152 688
152 753
152 760
152 762
152 809
152 897
153 233
153 242
153 501
153 534
153 691
153 749
153 937
154 322
154 374
154 518
154 554
154 644
154 674
154 752
154 918
154 945
154 995
155 361
155 409
155 413
155 462
155 612
155 774
155 927
155 978
156 502
156 506
156 586
156 835
157 623
157 712
157 805
157 819
157 890
158 276
158 442
158 549
158 615
158 764
158 836
159 386
159 443
159 458
159 745
159 847
159 908
159 922
160 167
160 337
160 541
160 544
160 661
160 716
160 959
161 196
161 241
161 367
161 404
161 704
161 932
161 967
162 494
162 565
162 583
162 687
162 874
162 911
163 172
163 232
163 632
163 657
163 696
163 763
163 974
164 301
164 480
164 542
164 605
164 618
164 627
164 740
164 843
164 968
165 215
165 397
165 487
165 654
165 683
165 872
166 388
166 434
166 599
166 680
166 697
167 541
167 629
167 686
167 838
167 943
167 959
168 441
168 454
168 477
168 731
168 857
169 324
169 338
169 404
169 456
169 704
169 907
169 942
169 979
170 332
170 363
170 398
170 410
170 421
170 495
170 621
170 631
171 252
171 256
171 288
171 294
171 391
171 419
171 807
171 909
171 972
172 232
172 581
172 696
172 763
172 936
172 974
173 293
173 381
173 419
173 441
173 643
174 236
174 289
174 466
174 519
174 579
174 720
174 880
174 954
175 392
175 422
175 481
175 522
175 655
175 726
175 879
175 926
176 200
176 202
176 357
176 368
176 403
176 448
176 994
177 345
177 450
177 599
177 815
177 928
178 233
178 306
178 469
178 516
178 535
178 691
178 961
179 186
179 260
179 383
179 410
179 906
179 975
180 520
180 733
180 871
180 966
181 483
181 557
182 317
182 328
182 412
182 416
182 617
182 722
182 795
182 894
183 283
183 461
183 521
183 580
183 723
183 766
183 949
184 337
184 633
184 711
184 756
184 997
185 204
185 343
185 474
185 546
185 571
185 578
185 584
186 383
186 410
186 906
186 975
187 316
187 460
187 522
187 655
187 672
187 776
187 938
188 284
188 344
188 505
188 595
188 609
188 625
189 193
189 223
189 264
189 637
189 678
189 713
189 888
189 992
190 231
190 257
190 511
190 705
190 897
190 901
191 198
191 282
191 610
191 656
191 873
192 422
192 431
192 533
192 624
192 854
193 264
193 678
193 694
193 713
193 888
194 368
194 401
194 403
194 524
194 606
194 702
194 877
194 893
194 913
195 476
195 538
195 603
195 875
196 324
196 389
196 493
196 653
196 675
196 946
196 967
197 255
197 344
197 406
197 717
197 724
197 948
197 977
198 282
198 560
198 564
198 610
198 614
198 873
198 981
199 209
199 335
199 470
199 510
199 652
199 708
199 899
199 900
199 917
200 640
200 680
201 327
201 463
201 703
201 758
201 839
201 951
202 272
202 279
202 368
202 401
202 403
202 448
203 271
203 377
203 748
203 761
203 851
203 856
204 215
204 259
204 427
204 546
204 584
205 253
205 295
205 423
205 685
205 853
205 903
205 921
205 991
206 513
206 537
206 555
206 623
206 712
206 779
206 819
206 836
206 863
207 208
207 467
207 539
207 554
207 673
207 870
208 467
208 498
208 554
208 673
208 674
208 918
209 592
209 602
209 708
209 866
209 900
209 917
209 919
210 291
210 378
210 669
210 732
210 826
210 929
210 957
210 983
211 249
211 400
211 429
211 531
211 641
211 739
211 743
211 796
211 969
212 228
212 351
212 472
212 637
212 693
212 888
212 908
212 992
213 249
213 429
213 531
213 562
213 800
213 924
214 305
214 492
214 512
214 513
214 712
214 789
214 805
214 890
215 427
215 546
215 584
215 654
215 683
216 307
216 529
216 646
216 788
216 876
216 976
217 352
217 402
217 451
217 587
217 618
217 661
217 740
217 771
217 940
217 968
218 280
218 312
218 326
218 411
218 564
218 614
218 681
218 981
219 633
219 756
219 802
219 878
220 366
220 493
220 497
220 653
220 675
220 689
221 346
221 507
221 561
221 662
221 800
221 822
221 824
221 848
221 935
222 453
222 455
222 552
222 619
222 707
222 859
223 394
223 637
223 678
223 713
223 813
223 888
223 923
224 247
224 323
224 504
224 536
224 686
224 838
224 931
224 943
225 234
225 283
225 435
225 580
225 896
225 904
226 333
226 445
226 464
226 721
226 730
226 804
226 964
227 623
227 773
227 779
227 793
227 860
227 889
227 980
228 351
228 670
228 693
228 847
228 908
229 300
229 313
229 611
229 750
229 778
229 912
230 242
230 304
230 501
230 534
230 650
230 827
231 257
231 378
231 407
231 511
231 705
231 862
231 957
232 581
232 632
232 657
232 974
232 984
233 286
233 306
233 436
233 490
233 676
233 691
234 283
234 435
234 896
234 903
234 904
235 309
235 381
235 784
235 876
235 934
235 976
236 289
236 556
236 739
236 796
236 880
236 954
237 282
237 610
237 656
237 939
237 958
237 965
238 430
238 755
238 825
238 988
239 303
239 393
239 536
239 629
239 838
239 881
240 719
240 780
240 850
240 996
241 334
241 404
241 496
241 852
241 932
241 942
242 501
242 534
242 812
242 827
242 973
243 350
243 362
243 375
243 428
243 563
243 773
243 793
243 797
243 799
243 889
243 980
244 354
244 718
244 996
245 449
245 512
245 585
245 601
245 728
245 789
246 342
246 671
247 323
247 504
247 820
248 320
248 397
248 791
248 811
249 339
249 429
249 531
250 262
250 275
250 355
250 370
250 578
250 579
250 638
250 734
250 824
250 848
251 292
251 310
251 465
251 559
251 869
252 288
252 391
252 909
252 972
253 295
253 423
253 685
253 723
253 853
253 921
253 933
253 991
254 482
254 528
254 714
254 772
254 858
255 327
255 380
255 406
255 724
255 758
256 288
256 529
256 646
256 972
257 407
257 511
257 705
257 760
258 277
258 278
258 418
258 593
258 798
258 842
259 454
259 474
259 582
259 584
259 971
260 383
260 410
260 495
260 631
260 658
260 677
260 709
260 767
260 906
260 975
261 282
261 360
261 564
261 585
261 829
261 941
261 958
262 275
262 355
262 370
262 426
262 519
262 579
262 634
262 638
262 734
262 788
263 266
263 374
263 518
263 644
263 982
264 348
264 373
264 394
264 700
265 327
265 717
265 770
265 948
265 966
266 362
266 433
266 799
266 982
267 577
267 820
267 884
268 284
268 310
268 432
268 559
268 619
268 667
268 707
268 844
269 292
269 433
269 944
270 446
270 573
270 792
270 811
271 317
271 328
271 377
271 412
271 635
271 795
271 851
272 279
272 333
272 464
272 742
272 855
273 396
273 459
273 528
273 642
273 714
273 785
273 858
273 885
273 999
274 607
274 628
274 973
274 986
275 309
275 355
275 370
275 426
275 578
275 579
275 634
275 638
276 314
276 315
276 442
276 549
276 615
276 764
276 960
277 278
277 318
277 418
277 583
277 684
277 798
278 318
278 418
278 684
278 798
279 448
279 742
280 312
280 411
280 483
281 287
281 414
281 415
281 806
281 865
281 952
282 610
282 939
282 958
283 521
283 580
283 723
283 921
284 559
284 595
284 609
284 667
284 844
285 437
285 620
285 744
285 753
285 886
286 306
286 385
286 436
286 490
286 715
286 892
287 298
287 865
287 883
287 952
288 646
288 909
288 972
289 556
289 720
289 739
289 880
289 954
290 608
290 694
290 713
290 861
291 348
291 669
291 817
291 826
291 957
292 944
293 441
293 643
293 647
293 651
293 731
294 336
294 372
294 419
294 488
294 660
294 746
294 783
294 807
294 808
294 909
295 298
295 423
295 853
295 896
295 903
295 921
296 557
296 560
296 873
297 320
297 359
297 427
297 546
297 571
297 573
297 662
298 423
298 444
298 883
298 903
299 532
299 607
299 738
299 986
300 635
300 748
300 750
300 778
300 851
300 856
300 912
301 413
301 480
301 605
301 627
301 630
301 774
301 843
301 978
302 494
302 506
302 586
302 687
302 925
303 393
303 629
303 867
303 881
304 525
304 535
304 650
304 827
304 874
305 492
305 789
305 805
306 436
306 439
306 469
306 503
306 516
306 676
306 950
307 466
307 519
307 634
307 720
307 788
307 976
308 364
308 440
308 479
308 652
308 790
308 877
308 920
309 355
309 426
309 474
309 634
309 638
309 934
310 432
310 465
310 559
310 667
310 844
311 500
311 594
311 744
311 830
311 865
312 411
312 483
312 560
312 614
312 981
313 369
313 611
313 635
313 782
313 828
314 315
314 329
314 498
314 549
314 615
314 960
315 329
315 498
315 615
315 673
315 832
315 870
315 960
316 460
316 522
316 672
316 695
316 814
316 879
316 914
317 328
317 412
317 635
317 722
317 782
317 828
317 894
318 540
318 562
318 684
318 798
319 438
319 443
319 538
319 568
319 597
319 608
319 809
319 875
320 359
320 397
320 427
320 573
321 380
321 463
321 484
321 563
321 758
321 765
321 768
321 775
321 797
322 374
322 554
322 674
322 752
322 945
322 995
323 331
323 504
323 686
323 943
324 653
324 675
324 689
324 704
324 907
324 979
325 378
325 384
325 414
325 415
325 588
325 781
325 806
325 862
325 952
325 983
326 390
326 411
326 681
326 955
326 981
327 717
327 839
327 948
327 951
328 412
328 416
328 722
328 795
328 828
328 894
329 498
329 539
329 572
329 673
329 832
329 870
329 955
329 960
330 532
330 570
330 604
331 541
331 686
331 943
332 363
332 398
332 495
332 631
333 464
333 682
333 804
333 855
334 404
334 475
334 496
334 814
334 852
334 932
335 395
335 510
335 551
335 596
335 652
335 866
335 898
335 899
335 900
336 372
336 391
336 420
336 488
336 660
336 746
336 783
336 807
336 909
337 352
337 544
337 716
337 997
338 456
338 704
338 801
338 867
338 907
338 942
339 502
340 449
340 553
340 601
340 639
340 939
340 965
341 421
341 589
341 706
341 846
341 930
342 639
342 671
343 346
343 359
343 370
343 474
343 546
343 571
343 578
343 638
343 662
344 505
344 692
344 759
344 948
345 450
345 599
345 928
346 359
346 370
346 507
346 571
346 578
346 662
346 822
346 824
346 848
346 935
347 425
347 505
347 520
347 625
347 692
347 759
347 803
348 373
348 394
348 669
348 700
348 817
349 380
349 406
349 765
349 869
350 484
350 530
350 548
350 563
350 768
350 889
350 980
351 545
351 600
351 670
351 847
351 908
352 402
352 451
352 542
352 544
352 618
352 661
352 968
353 523
354 718
354 737
354 837
354 850
354 996
355 370
355 426
355 474
355 578
355 638
355 934
356 457
356 473
356 478
356 590
356 747
356 749
356 812
356 905
356 973
357 368
357 403
357 459
357 528
357 702
357 714
357 785
357 913
357 994
358 497
358 508
358 577
358 689
358 882
358 979
358 993
359 427
359 507
359 546
359 571
359 573
359 662
359 822
360 564
360 681
360 829
360 831
360 941
360 981
361 612
361 622
361 708
361 774
361 917
361 919
361 978
362 375
362 433
362 563
362 768
362 797
362 799
362 980
363 398
363 421
363 473
363 495
363 621
363 631
363 930
364 440
364 698
364 887
365 457
365 478
365 532
365 604
365 849
365 905
366 389
366 493
366 675
366 891
367 833
367 932
367 946
367 967
368 401
368 403
368 448
368 524
368 702
368 913
368 994
369 401
369 611
369 893
370 578
370 638
370 734
370 824
370 848
371 821
372 399
372 488
372 660
372 746
372 783
372 786
372 808
372 929
373 575
373 817
373 901
374 518
374 644
374 674
374 752
374 918
374 945
374 995
375 428
375 569
375 773
375 793
375 799
375 889
375 982
376 431
376 447
376 533
376 622
376 630
376 843
376 854
376 919
376 978
377 412
377 439
377 503
377 761
377 950
377 988
378 384
378 415
378 732
378 862
378 957
378 983
379 757
379 902
379 947
379 964
380 406
380 463
380 724
380 758
380 765
381 784
382 423
382 735
382 737
382 837
382 853
383 410
383 495
383 631
383 658
383 709
383 906
383 975
384 415
384 588
384 732
384 781
384 841
384 983
384 987
385 490
385 566
385 649
385 677
385 715
385 767
385 892
386 425
386 458
386 517
386 576
386 645
386 803
386 847
386 922
387 626
387 699
387 787
387 823
387 989
388 434
388 459
388 680
388 697
388 785
388 885
388 999
389 493
389 653
389 675
389 891
389 946
389 967
390 486
390 572
390 832
390 955
391 420
391 807
391 909
392 422
392 481
392 726
392 868
392 879
392 926
393 629
393 834
393 867
394 700
394 923
395 424
395 515
395 551
395 596
395 866
395 899
395 900
396 462
396 612
396 642
396 664
396 858
396 885
396 928
396 999
397 683
397 791
398 495
398 566
398 590
398 631
398 677
398 709
398 767
399 588
399 741
399 786
399 841
399 929
400 641
400 739
400 743
400 796
401 403
401 448
401 893
402 451
402 542
402 618
402 661
402 740
402 771
402 968
403 448
403 913
403 994
404 456
404 496
404 704
404 932
404 942
405 468
405 581
405 595
405 600
405 696
405 936
406 724
406 869
406 977
407 705
407 753
407 830
408 648
408 651
408 659
408 699
408 736
408 823
408 953
409 627
409 815
409 878
409 927
410 495
410 631
410 975
411 483
412 416
412 761
412 795
412 950
413 622
413 627
413 630
413 774
413 843
413 927
413 978
414 415
414 705
414 806
414 862
414 952
415 705
415 781
415 806
415 862
415 952
415 983
416 436
416 526
416 676
416 715
416 795
416 950
417 489
417 527
417 550
417 654
417 818
417 971
418 583
418 684
418 751
418 798
418 842
419 647
419 807
419 808
419 972
420 660
420 669
420 746
420 783
420 807
421 589
421 621
421 930
422 481
422 624
422 726
422 940
423 735
423 853
423 903
424 515
424 596
424 866
424 900
425 458
425 520
425 645
425 803
426 634
426 638
426 788
426 934
427 546
427 571
428 555
428 569
428 773
428 793
428 799
428 889
428 982
429 531
429 561
429 800
429 969
430 835
430 895
431 447
431 533
431 624
431 854
431 963
432 453
432 559
432 619
432 667
432 707
432 844
433 944
434 599
434 680
434 697
435 580
435 648
435 659
435 741
435 987
436 490
436 676
436 715
436 892
437 603
437 688
437 753
437 760
437 794
437 809
438 443
438 568
438 597
438 608
438 762
438 809
438 861
439 469
439 503
439 516
439 761
439 825
439 950
439 988
440 479
440 551
440 652
440 898
440 899
440 990
441 477
441 643
441 731
441 857
442 549
442 764
442 829
442 941
443 608
443 745
443 922
444 781
444 806
444 896
444 903
444 904
444 952
445 591
445 617
445 682
445 722
445 730
445 804
445 810
445 894
446 507
446 540
446 573
446 613
446 792
446 924
446 935
447 533
447 592
447 602
447 679
447 963
449 492
449 553
449 601
449 789
449 956
450 802
450 878
451 587
451 629
451 661
451 771
451 834
451 959
451 968
452 461
452 699
452 736
452 766
452 787
452 864
452 953
452 989
453 619
453 701
453 729
453 859
454 527
454 582
454 857
454 971
455 552
455 619
455 707
455 859
456 558
456 704
456 801
456 867
456 868
456 914
456 942
457 478
457 812
457 849
457 905
457 973
458 517
458 576
458 645
458 745
458 847
458 922
459 528
459 714
459 785
459 858
459 885
459 994
459 999
460 522
460 672
460 695
461 766
461 953
462 612
462 664
462 772
462 815
462 858
462 927
463 703
463 758
463 765
463 775
464 682
464 721
464 804
464 855
464 964
465 559
465 609
465 844
465 869
465 977
466 519
466 720
466 788
466 954
467 554
467 673
467 674
467 918
467 945
468 581
468 595
468 600
468 670
468 696
468 936
469 503
469 516
469 676
469 761
469 950
470 510
470 708
470 772
470 917
470 920
471 757
471 910
472 637
472 678
472 693
472 888
472 984
472 992
473 478
473 491
473 590
473 747
473 930
474 546
474 578
474 638
475 496
475 695
475 814
475 852
476 538
476 663
476 665
477 643
477 651
477 731
477 823
477 857
478 491
478 604
478 747
478 849
478 905
479 510
479 652
479 790
479 898
479 899
479 920
479 990
480 630
480 740
480 843
480 854
480 968
481 587
481 726
481 926
481 940
482 510
482 714
482 790
482 858
482 920
483 557
483 560
483 614
484 530
484 548
484 563
484 768
484 775
484 980
485 719
485 780
485 850
485 883
486 539
486 572
486 870
486 955
487 654
487 683
487 818
487 872
488 647
488 746
488 783
488 786
488 807
488 808
489 527
489 550
489 567
489 626
489 710
490 566
490 691
490 715
490 892
490 937
491 706
491 747
491 930
492 553
492 789
492 956
493 653
493 675
493 967
494 565
494 586
494 687
494 874
494 925
495 631
495 709
495 975
496 814
496 852
496 914
496 932
496 942
497 653
497 689
497 882
497 979
497 993
498 615
498 673
498 832
498 870
498 960
499 547
499 628
499 911
499 986
499 998
500 594
500 598
500 744
500 830
500 865
501 534
501 749
501 812
501 827
501 937
501 973
502 506
502 835
502 895
503 516
503 676
503 761
503 950
503 988
504 577
504 820
504 931
505 625
505 692
505 759
506 586
506 925
507 573
507 613
507 662
507 822
507 924
507 935
508 881
508 882
508 907
508 931
508 979
508 993
509 547
509 998
510 652
510 899
510 920
511 575
511 817
511 897
511 901
511 957
512 513
512 537
512 728
512 789
513 537
513 623
513 712
513 728
513 779
513 805
513 819
513 836
513 863
514 833
514 891
514 946
515 602
515 866
515 900
515 970
516 825
516 961
517 576
517 616
517 645
517 745
517 769
518 644
518 674
518 918
519 579
519 720
519 788
519 954
520 692
520 759
520 770
520 803
520 871
521 723
521 921
521 933
521 949
522 655
522 672
522 879
522 926
524 606
524 636
524 702
524 790
524 877
524 893
524 913
525 535
525 586
525 650
525 827
525 925
525 961
526 617
526 649
526 715
526 727
526 892
527 550
527 818
527 971
528 702
528 714
528 785
528 858
528 913
528 994
528 999
529 646
529 876
529 976
530 548
530 775
531 561
531 800
531 969
532 570
532 604
532 849
533 592
533 854
533 963
534 691
534 827
534 973
535 691
535 827
535 961
536 686
536 838
536 881
536 931
536 943
537 728
537 836
537 863
538 663
538 875
539 572
539 673
539 870
540 562
540 613
540 792
540 798
540 924
541 716
541 943
542 605
542 618
542 633
542 711
542 756
543 701
543 725
543 729
543 816
543 916
544 661
544 716
544 997
545 600
545 625
545 803
546 571
546 578
546 662
547 751
547 911
547 998
548 666
549 615
549 764
549 960
550 710
550 818
551 596
551 898
551 899
551 990
552 707
552 763
553 601
553 956
554 673
554 674
554 918
554 945
555 764
555 773
555 779
555 793
555 836
556 561
556 579
556 734
556 796
556 824
556 880
556 969
557 560
557 614
558 801
558 814
558 867
558 868
558 879
558 914
558 942
559 609
559 667
559 844
559 977
560 614
560 873
561 734
561 800
561 824
561 848
561 969
562 613
562 924
563 768
563 797
563 980
564 681
564 831
564 981
565 583
565 684
565 687
565 874
566 590
566 747
566 749
566 767
566 937
567 574
567 626
567 710
567 787
568 597
568 608
568 688
568 762
568 809
568 861
569 793
569 799
569 982
570 604
570 849
571 578
571 662
571 822
572 832
572 870
572 955
573 792
573 811
574 626
574 787
574 864
575 694
575 762
575 817
575 861
575 897
575 901
576 645
576 663
576 745
576 769
576 922
577 820
577 882
577 884
577 931
578 638
578 662
579 720
579 734
579 880
580 659
580 766
580 953
581 670
581 693
581 696
581 936
581 974
582 857
582 971
583 684
583 751
583 911
584 654
584 971
585 829
585 941
585 958
586 925
586 961
587 726
587 771
587 834
587 940
587 968
588 732
588 741
588 841
588 983
588 987
589 621
589 706
589 846
589 930
590 747
590 749
590 812
590 937
591 617
591 682
591 722
591 804
591 810
591 894
592 602
592 866
594 598
594 744
594 754
594 886
595 667
595 844
595 936
596 898
596 899
596 900
596 990
597 688
597 760
597 762
597 809
598 754
598 886
599 642
599 697
599 885
599 928
600 625
600 670
601 789
601 939
601 965
602 866
602 900
602 970
603 688
603 794
603 809
603 875
604 849
605 627
605 633
605 711
605 756
606 636
606 877
606 893
607 628
607 738
607 986
608 861
609 724
609 844
609 869
609 977
610 656
610 873
610 939
611 636
611 893
612 772
612 774
612 927
613 792
613 924
613 935
614 981
615 764
615 960
616 769
617 722
617 810
617 894
618 740
618 968
619 701
619 707
619 859
620 794
622 630
622 774
622 843
622 854
622 919
622 978
623 712
623 779
623 805
623 819
623 860
623 863
624 938
624 963
625 759
625 803
626 787
626 823
626 989
627 927
627 978
628 738
628 986
629 771
629 834
629 838
629 959
630 774
630 843
630 854
630 919
630 978
631 658
631 677
631 709
631 767
631 975
632 657
632 915
632 984
633 711
633 756
634 788
634 876
634 934
634 976
635 750
635 782
635 828
635 851
635 912
636 893
637 678
637 813
637 888
637 984
637 992
639 965
640 668
640 742
640 777
640 902
640 962
641 743
641 895
642 664
642 697
642 885
642 928
642 999
643 647
643 651
643 731
644 725
644 752
644 982
645 769
645 803
647 786
647 808
648 659
648 736
648 741
649 658
649 677
649 715
649 727
649 892
650 827
650 874
651 731
651 736
651 823
652 898
652 899
652 920
653 675
653 689
654 683
654 818
654 872
655 776
655 926
655 938
657 915
657 974
657 984
658 677
658 709
658 727
658 767
659 736
659 741
659 953
660 669
660 746
660 783
660 807
660 826
660 929
661 771
661 959
662 822
662 848
662 935
663 665
663 745
663 769
664 815
664 885
664 928
665 769
666 860
667 707
667 844
668 721
668 742
668 902
668 947
668 962
668 964
669 783
669 826
669 929
670 693
670 936
670 974
670 984
672 695
673 870
673 918
674 918
674 945
675 967
676 715
676 795
676 950
677 709
677 727
677 767
677 892
678 713
678 888
678 992
679 963
679 970
680 697
681 831
681 981
682 722
682 804
682 855
684 687
684 798
685 723
685 735
685 853
685 933
685 991
686 838
686 943
688 753
688 760
688 762
688 794
688 809
689 979
689 993
690 701
690 729
690 816
690 916
691 827
691 937
692 759
692 770
692 803
692 871
692 948
693 974
693 984
694 762
694 861
695 814
696 707
696 936
696 974
697 785
697 885
697 999
698 840
698 887
699 736
699 766
699 823
699 864
699 953
699 989
701 729
701 859
701 916
702 790
702 877
702 913
703 758
703 839
703 951
704 907
704 942
705 862
706 846
706 930
708 900
708 917
708 919
709 767
711 756
711 997
712 805
712 819
712 863
712 890
713 888
713 992
714 858
714 999
715 892
717 770
717 948
718 850
718 996
719 780
719 850
719 985
720 788
720 954
721 742
721 902
721 964
722 804
722 828
722 855
722 894
723 921
723 933
723 949
724 869
724 977
725 752
725 944
725 995
726 771
726 834
726 926
726 940
727 810
728 836
729 816
729 859
729 916
730 804
730 810
730 845
731 823
732 826
732 841
732 929
732 957
732 983
733 770
733 871
733 966
734 824
734 848
734 880
734 969
735 837
735 853
735 991
736 823
736 953
736 989
737 837
738 986
739 743
739 796
740 940
740 968
741 987
742 964
744 753
744 830
744 886
745 769
745 922
746 783
746 786
746 807
746 808
747 812
747 905
748 750
748 851
748 856
748 912
749 812
749 937
750 778
750 851
750 856
750 912
751 842
752 995
753 760
753 830
754 985
755 825
755 988
758 765
758 951
759 770
759 948
760 809
761 950
761 988
762 809
762 861
762 897
764 836
765 768
765 797
766 953
768 775
768 797
768 980
770 871
770 948
770 966
771 834
771 940
771 959
772 858
772 917
773 779
773 793
773 889
773 980
774 919
774 927
774 978
776 938
777 902
777 962
778 840
778 912
779 793
779 819
779 836
779 863
780 850
780 996
781 806
781 904
781 952
781 987
782 828
783 826
783 929
784 876
784 934
785 885
785 994
785 999
786 808
787 864
787 989
788 976
790 877
790 920
791 811
792 798
792 811
793 799
793 889
794 875
795 894
795 950
796 880
796 969
799 982
800 924
800 935
800 969
801 867
801 868
801 914
801 942
802 878
804 855
805 819
805 863
805 890
806 952
807 808
807 909
809 875
810 845
810 910
812 905
812 973
813 915
813 923
814 914
815 927
815 928
816 916
817 897
817 901
817 957
818 872
819 860
819 863
819 890
821 884
822 848
822 935
823 989
824 848
824 969
825 988
826 841
826 929
826 957
828 855
828 894
829 941
830 865
831 941
831 955
832 870
832 955
832 960
833 946
834 940
835 895
836 863
838 943
839 951
840 887
841 929
841 983
841 987
843 854
843 978
845 910
847 908
847 922
848 935
848 969
849 905
850 996
851 856
851 912
852 932
853 991
858 999
862 983
864 989
866 900
867 868
868 879
868 914
868 926
869 977
871 966
874 911
874 925
876 934
876 976
877 913
879 914
879 926
880 954
881 882
881 931
882 931
882 993
885 928
885 999
888 992
889 980
891 946
891 967
896 903
896 904
896 921
897 901
898 899
898 990
899 920
899 990
902 947
902 962
902 964
903 904
904 987
905 973
906 910
906 975
907 942
907 979
907 993
908 922
909 972
911 998
913 994
915 984
917 919
918 945
919 978
921 933
921 949
924 935
933 949
936 974
939 958
939 965
940 968
946 967
947 962
947 964
962 964
979 993
