1000
0 0.484737 0.525329
1 0.194663 0.478890
2 0.580899 0.542281
3 0.795127 0.549263
4 0.108182 0.190978
5 0.296326 0.654041
6 0.118172 0.661074
7 0.862127 0.813174
8 0.667802 0.381474
9 0.241288 0.106653
10 0.889913 0.251532
11 0.238000 0.082353
12 0.213027 0.406882
13 0.575807 0.645504
14 0.529937 0.021579
15 0.048431 0.688677
16 0.582138 0.076140
17 0.658072 0.816970
18 0.689366 0.675081
19 0.367953 0.586980
20 0.768997 0.181814
21 0.127681 0.366886
22 0.031160 0.570737
23 0.828558 0.360878
24 0.893256 0.569008
25 0.726052 0.612453
26 0.815281 0.745188
27 0.971332 0.613638
28 0.140402 0.671188
29 0.439695 0.036096
30 0.175594 0.273684
31 0.742285 0.166204
32 0.707532 0.927370
33 0.467951 0.860355
34 0.798188 0.292517
35 0.531428 0.169093
36 0.839788 0.447599
37 0.213922 0.316092
38 0.182515 0.571312
39 0.101660 0.769681
40 0.603717 0.680692
41 0.912349 0.412489
42 0.352817 0.915033
43 0.056116 0.413662
44 0.891671 0.647869
45 0.749686 0.679749
46 0.703183 0.130706
47 0.464772 0.711861
48 0.148924 0.273302
49 0.847641 0.381205
50 0.563133 0.678673
51 0.650037 0.671409
52 0.140999 0.350723
53 0.622470 0.875987
54 0.384968 0.091512
55 0.551998 0.696502
56 0.799867 0.667703
57 0.440104 0.879659
58 0.566523 0.456416
59 0.591102 0.405905
60 0.108583 0.580807
61 0.535430 0.642838
62 0.958931 0.529608
63 0.760186 0.577983
64 0.423872 0.118043
65 0.323568 0.196763
66 0.577609 0.193487
67 0.307813 0.942525
68 0.754260 0.807252
69 0.200463 0.876765
70 0.614879 0.365605
71 0.590138 0.458289
72 0.781415 0.611693
73 0.591078 0.653064
74 0.794220 0.368453
75 0.097888 0.488983
76 0.528886 0.452947
77 0.546138 0.802532
78 0.480007 0.339712
79 0.665433 0.957640
80 0.297580 0.542930
81 0.413270 0.600066
82 0.407690 0.015274
83 0.392294 0.874177
84 0.673924 0.321242
85 0.310487 0.645041
86 0.216318 0.712170
87 0.006563 0.539614
88 0.946161 0.313241
89 0.117700 0.421938
90 0.160901 0.825375
91 0.631395 0.970598
92 0.730044 0.281004
93 0.298390 0.109453
94 0.554032 0.526740
95 0.360020 0.249244
96 0.266346 0.067432
97 0.424890 0.067610
98 0.950293 0.555504
99 0.702638 0.852412
100 0.161968 0.867028
101 0.227228 0.202440
102 0.543722 0.962188
103 0.182340 0.373833
104 0.172228 0.508550
105 0.445573 0.974552
106 0.116671 0.736526
107 0.726398 0.690272
108 0.365298 0.062548
109 0.435121 0.138076
110 0.743288 0.847305
111 0.198163 0.725869
112 0.169929 0.475235
113 0.652006 0.904522
114 0.620104 0.278853
115 0.427577 0.620135
116 0.103409 0.405963
117 0.797655 0.241017
118 0.828768 0.644602
119 0.620243 0.813559
120 0.744406 0.873821
121 0.845853 0.614733
122 0.559699 0.257769
123 0.371255 0.638873
124 0.615850 0.224437
125 0.934160 0.746622
126 0.854799 0.350047
127 0.345956 0.112907
128 0.838241 0.776876
129 0.759596 0.317650
130 0.284738 0.620479
131 0.851884 0.511485
132 0.578219 0.115111
133 0.294985 0.807658
134 0.877065 0.337790
135 0.602953 0.281501
136 0.156099 0.212441
137 0.175023 0.641460
138 0.650460 0.532591
139 0.404549 0.645098
140 0.199789 0.441642
141 0.496057 0.420672
142 0.723287 0.128240
143 0.527592 0.663877
144 0.728564 0.541951
145 0.859770 0.708107
146 0.202948 0.343287
147 0.179185 0.448508
148 0.475602 0.013789
149 0.866644 0.633274
150 0.183121 0.257755
151 0.514187 0.924530
152 0.094133 0.527575
153 0.660736 0.183530
154 0.537645 0.538168
155 0.686169 0.229432
156 0.137662 0.766053
157 0.480068 0.923589
158 0.958184 0.647419
159 0.533770 0.101298
160 0.729494 0.898097
161 0.627353 0.595079
162 0.078814 0.631344
163 0.692243 0.960110
164 0.981952 0.592534
165 0.168937 0.722131
166 0.616413 0.654881
167 0.861557 0.314040
168 0.244674 0.886435
169 0.401806 0.553078
170 0.643197 0.267590
171 0.921499 0.702537
172 0.206449 0.292896
173 0.066820 0.511268
174 0.476462 0.074874
175 0.817956 0.834240
176 0.396558 0.036296
177 0.579674 0.664235
178 0.919899 0.321226
179 0.405051 0.221470
180 0.831282 0.180616
181 0.047170 0.556111
182 0.663817 0.608446
183 0.562153 0.071621
184 0.177834 0.241595
185 0.208576 0.501284
186 0.604630 0.123096
187 0.862897 0.681463
188 0.339848 0.636816
189 0.261828 0.900990
190 0.516746 0.875871
191 0.699574 0.175805
192 0.232978 0.649522
193 0.921341 0.532731
194 0.236207 0.779179
195 0.770434 0.134059
196 0.773757 0.274298
197 0.921985 0.563142
198 0.707093 0.208684
199 0.896921 0.380616
200 0.544975 0.510263
201 0.718665 0.067865
202 0.473037 0.938102
203 0.112640 0.266738
204 0.361577 0.208437
205 0.767537 0.223349
206 0.586810 0.275940
207 0.336729 0.269840
208 0.669256 0.143590
209 0.699705 0.601262
210 0.657043 0.123758
211 0.511536 0.466642
212 0.456050 0.180520
213 0.233315 0.241488
214 0.969933 0.570906
215 0.736021 0.321255
216 0.582830 0.689345
217 0.203923 0.833637
218 0.205495 0.542784
219 0.767950 0.680164
220 0.710573 0.315084
221 0.540780 0.829795
222 0.775867 0.906364
223 0.936712 0.465554
224 0.672472 0.346586
225 0.698630 0.804606
226 0.922298 0.477056
227 0.601486 0.097646
228 0.243098 0.911079
229 0.396326 0.942527
230 0.532252 0.928093
231 0.248950 0.648842
232 0.302425 0.053719
233 0.866838 0.548082
234 0.596040 0.065381
235 0.502864 0.038556
236 0.145303 0.736436
237 0.382955 0.175040
238 0.657913 0.589120
239 0.622481 0.840856
240 0.419561 0.918706
241 0.374205 0.229303
242 0.943197 0.364806
243 0.248387 0.268488
244 0.351594 0.038513
245 0.932827 0.499704
246 0.569211 0.974393
247 0.648294 0.870026
248 0.066752 0.712643
249 0.539635 0.717893
250 0.896754 0.362694
251 0.094475 0.703969
252 0.510152 0.338692
253 0.619720 0.671969
254 0.976984 0.493970
255 0.222428 0.695324
256 0.518631 0.856677
257 0.452001 0.568695
258 0.933531 0.296313
259 0.034656 0.516037
260 0.431725 0.681118
261 0.484355 0.475933
262 0.304879 0.279136
263 0.695128 0.060151
264 0.886956 0.815174
265 0.758106 0.657192
266 0.511655 0.163376
267 0.806647 0.597595
268 0.474880 0.267694
269 0.127925 0.553689
270 0.409423 0.985751
271 0.639297 0.168152
272 0.819367 0.153583
273 0.967615 0.456608
274 0.719370 0.850105
275 0.206704 0.633069
276 0.066120 0.578436
277 0.598883 0.802312
278 0.238046 0.590185
279 0.667275 0.880726
280 0.128697 0.809962
281 0.108225 0.443674
282 0.563285 0.399362
283 0.439066 0.101116
284 0.791815 0.138439
285 0.341274 0.222165
286 0.286803 0.187178
287 0.493682 0.178939
288 0.596865 0.377740
289 0.055573 0.455691
290 0.760336 0.207878
291 0.326494 0.595675
292 0.593631 0.918729
293 0.393773 0.076276
294 0.673412 0.940902
295 0.829214 0.434852
296 0.978238 0.426347
297 0.710875 0.575785
298 0.101154 0.727862
299 0.513206 0.975400
300 0.268999 0.851698
301 0.197606 0.815414
302 0.692117 0.322171
303 0.547503 0.611075
304 0.955845 0.439011
305 0.887660 0.407475
306 0.624109 0.381133
307 0.491835 0.210680
308 0.599449 0.250174
309 0.503143 0.663495
310 0.094764 0.335452
311 0.254144 0.083560
312 0.867186 0.383508
313 0.787830 0.722248
314 0.342451 0.171871
315 0.835319 0.343699
316 0.673355 0.853039
317 0.648514 0.375955
318 0.234172 0.184598
319 0.341976 0.928685
320 0.527783 0.211374
321 0.111748 0.462972
322 0.673061 0.084096
323 0.558492 0.150172
324 0.607242 0.306274
325 0.480525 0.195939
326 0.923781 0.594640
327 0.813977 0.132798
328 0.603128 0.624001
329 0.555176 0.376348
330 0.523770 0.243356
331 0.102430 0.803078
332 0.334056 0.157801
333 0.747220 0.191980
334 0.086931 0.598440
335 0.944356 0.386291
336 0.537239 0.320529
337 0.456714 0.939507
338 0.106663 0.550713
339 0.148488 0.457915
340 0.264146 0.149713
341 0.864701 0.208795
342 0.818964 0.864265
343 0.756172 0.737888
344 0.210694 0.160552
345 0.425212 0.090356
346 0.512035 0.321644
347 0.195620 0.658111
348 0.481635 0.612667
349 0.488664 0.023344
350 0.524234 0.407936
351 0.701610 0.828385
352 0.579158 0.619741
353 0.611589 0.603761
354 0.591521 0.865125
355 0.578102 0.169476
356 0.366343 0.613079
357 0.541287 0.978900
358 0.992244 0.482134
359 0.518253 0.903189
360 0.623721 0.257372
361 0.249507 0.802636
362 0.478157 0.661873
363 0.174994 0.192075
364 0.250224 0.711638
365 0.910995 0.223727
366 0.685299 0.584575
367 0.791618 0.184561
368 0.786508 0.764223
369 0.242291 0.163733
370 0.107017 0.368267
371 0.641592 0.933570
372 0.388186 0.691359
373 0.876260 0.750969
374 0.135393 0.416620
375 0.612681 0.570594
376 0.155728 0.490426
377 0.644028 0.078819
378 0.899267 0.324680
379 0.333354 0.884033
380 0.121339 0.772687
381 0.071626 0.690430
382 0.805848 0.845240
383 0.066434 0.306358
384 0.312069 0.869678
385 0.858388 0.265190
386 0.929957 0.726003
387 0.036103 0.401446
388 0.626899 0.017055
389 0.610896 0.447545
390 0.220363 0.897658
391 0.391012 0.013858
392 0.276421 0.680066
393 0.483204 0.284232
394 0.384298 0.558087
395 0.443486 0.832716
396 0.167292 0.368827
397 0.580249 0.841656
398 0.574388 0.506717
399 0.516375 0.442213
400 0.407010 0.245030
401 0.313250 0.246515
402 0.739852 0.820653
403 0.915529 0.638216
404 0.949693 0.285803
405 0.469811 0.901150
406 0.846655 0.803237
407 0.939570 0.643027
408 0.521044 0.717083
409 0.050385 0.299843
410 0.373711 0.536999
411 0.481369 0.094758
412 0.348571 0.676355
413 0.281540 0.277059
414 0.517646 0.542456
415 0.499082 0.364256
416 0.461819 0.673670
417 0.730326 0.943625
418 0.926823 0.281830
419 0.201169 0.265880
420 0.899779 0.494703
421 0.151092 0.399820
422 0.388195 0.899938
423 0.587177 0.302017
424 0.563859 0.902003
425 0.181008 0.207002
426 0.423225 0.942490
427 0.594148 0.984346
428 0.292565 0.253418
429 0.640654 0.133392
430 0.826030 0.464092
431 0.620470 0.107891
432 0.885684 0.677018
433 0.834448 0.574851
434 0.822528 0.674035
435 0.960500 0.351442
436 0.161069 0.315609
437 0.653096 0.645717
438 0.747988 0.236940
439 0.494097 0.983342
440 0.524664 0.043616
441 0.792739 0.823972
442 0.103773 0.669963
443 0.383201 0.613925
444 0.468387 0.810465
445 0.521029 0.262576
446 0.147711 0.691699
447 0.260383 0.227428
448 0.655994 0.293347
449 0.740293 0.298608
450 0.647058 0.615683
451 0.017456 0.625808
452 0.442642 0.535457
453 0.887732 0.711085
454 0.484508 0.318883
455 0.514534 0.559286
456 0.854864 0.534799
457 0.483131 0.588772
458 0.252876 0.250070
459 0.091779 0.743782
460 0.697724 0.888476
461 0.749656 0.253885
462 0.975433 0.474942
463 0.393417 0.141470
464 0.771928 0.299775
465 0.390607 0.259614
466 0.462541 0.082784
467 0.122042 0.511365
468 0.605065 0.489200
469 0.753126 0.332301
470 0.457274 0.692268
471 0.372955 0.019214
472 0.555800 0.480026
473 0.510498 0.825033
474 0.873553 0.801229
475 0.225455 0.753219
476 0.190878 0.633708
477 0.005153 0.512365
478 0.372830 0.147155
479 0.537140 0.581572
480 0.027746 0.372430
481 0.449729 0.611193
482 0.471347 0.551447
483 0.468273 0.120813
484 0.302952 0.712990
485 0.525369 0.087523
486 0.340688 0.949763
487 0.141146 0.156666
488 0.145450 0.532773
489 0.223722 0.275311
490 0.569943 0.043776
491 0.831721 0.814683
492 0.549853 0.415645
493 0.051818 0.327352
494 0.795555 0.902197
495 0.104599 0.609154
496 0.435404 0.662737
497 0.780666 0.199379
498 0.596387 0.887266
499 0.351437 0.875826
500 0.356139 0.857558
501 0.385859 0.276469
502 0.904264 0.696409
503 0.672425 0.563170
504 0.534023 0.229366
505 0.366739 0.957682
506 0.287200 0.155275
507 0.858820 0.177730
508 0.414610 0.829352
509 0.905369 0.766919
510 0.137485 0.586310
511 0.935756 0.572994
512 0.889961 0.778327
513 0.670615 0.236507
514 0.420163 0.669710
515 0.173676 0.132343
516 0.139120 0.648312
517 0.513486 0.382865
518 0.788673 0.741925
519 0.192630 0.152697
520 0.618000 0.344032
521 0.495295 0.811398
522 0.197914 0.691222
523 0.849226 0.418213
524 0.139198 0.790236
525 0.332395 0.858654
526 0.867965 0.431375
527 0.657947 0.158568
528 0.671412 0.103441
529 0.188050 0.183018
530 0.741569 0.211314
531 0.498254 0.445552
532 0.695692 0.339645
533 0.249740 0.195693
534 0.458691 0.646350
535 0.580980 0.959159
536 0.903234 0.739640
537 0.672555 0.638466
538 0.544293 0.340901
539 0.836357 0.402292
540 0.113970 0.316019
541 0.643868 0.099938
542 0.912649 0.341002
543 0.869791 0.494948
544 0.304997 0.850835
545 0.179896 0.621373
546 0.097692 0.204755
547 0.353234 0.710258
548 0.283717 0.910346
549 0.158055 0.158784
550 0.592956 0.943567
551 0.501310 0.290347
552 0.056578 0.639742
553 0.419587 0.266177
554 0.213046 0.660677
555 0.468588 0.038073
556 0.575666 0.148108
557 0.572747 0.369112
558 0.586244 0.241113
559 0.276477 0.575635
560 0.111057 0.293613
561 0.745478 0.646891
562 0.022065 0.473317
563 0.396222 0.853132
564 0.129127 0.280975
565 0.715901 0.708956
566 0.184855 0.394276
567 0.891790 0.432421
568 0.675619 0.823832
569 0.812550 0.809937
570 0.313007 0.559382
571 0.760552 0.542734
572 0.491946 0.675318
573 0.189140 0.793617
574 0.884868 0.300130
575 0.429199 0.967421
576 0.051862 0.280030
577 0.246553 0.213499
578 0.723815 0.098325
579 0.447625 0.118563
580 0.432302 0.644101
581 0.633099 0.191100
582 0.267261 0.622836
583 0.546892 0.398162
584 0.412728 0.193253
585 0.223818 0.549613
586 0.339727 0.811182
587 0.460090 0.002668
588 0.793586 0.276181
589 0.583100 0.032877
590 0.550589 0.013226
591 0.493764 0.539998
592 0.784168 0.885194
593 0.738190 0.567737
594 0.814932 0.296951
595 0.858458 0.737263
596 0.043339 0.356430
597 0.536279 0.994679
598 0.134448 0.328441
599 0.613135 0.321487
600 0.473296 0.876279
601 0.516463 0.361056
602 0.480291 0.696050
603 0.207690 0.374243
604 0.355856 0.813114
605 0.888579 0.628222
606 0.657946 0.695952
607 0.747330 0.106633
608 0.966245 0.509080
609 0.824090 0.768343
610 0.757462 0.356903
611 0.175336 0.150282
612 0.391011 0.531385
613 0.314910 0.042657
614 0.455420 0.821897
615 0.256769 0.547024
616 0.132484 0.708780
617 0.245428 0.134514
618 0.932925 0.405123
619 0.341597 0.661581
620 0.460806 0.230919
621 0.534544 0.388052
622 0.867901 0.278883
623 0.682190 0.689991
624 0.403084 0.676916
625 0.845116 0.252431
626 0.371904 0.938312
627 0.605799 0.169821
628 0.521212 0.145131
629 0.695994 0.626219
630 0.856204 0.453719
631 0.157692 0.609099
632 0.024597 0.413754
633 0.784514 0.159225
634 0.116896 0.527881
635 0.623024 0.924787
636 0.645441 0.599103
637 0.264698 0.690890
638 0.624808 0.892920
639 0.777553 0.540844
640 0.455484 0.957138
641 0.041491 0.426125
642 0.538956 0.118858
643 0.048805 0.373765
644 0.687572 0.555189
645 0.926090 0.618575
646 0.770967 0.636995
647 0.599857 0.828901
648 0.508209 0.103541
649 0.762298 0.619306
650 0.175308 0.328768
651 0.345505 0.145952
652 0.506769 0.237177
653 0.876364 0.467336
654 0.678386 0.259723
655 0.819684 0.537792
656 0.279966 0.637688
657 0.568900 0.818475
658 0.221283 0.857975
659 0.568971 0.274374
660 0.528795 0.488098
661 0.167797 0.795968
662 0.482249 0.636635
663 0.202513 0.893727
664 0.164574 0.763586
665 0.110759 0.236894
666 0.591540 0.562774
667 0.624688 0.625493
668 0.281031 0.215762
669 0.514837 0.955852
670 0.285593 0.828654
671 0.659805 0.250477
672 0.175445 0.222302
673 0.276835 0.719597
674 0.834673 0.138012
675 0.475648 0.369372
676 0.939736 0.329640
677 0.144978 0.186437
678 0.824598 0.225595
679 0.481804 0.443446
680 0.256495 0.820907
681 0.631269 0.357106
682 0.812294 0.377598
683 0.589378 0.594101
684 0.086997 0.438624
685 0.491915 0.386457
686 0.995361 0.444586
687 0.605433 0.195078
688 0.713940 0.526499
689 0.739208 0.591177
690 0.758745 0.838166
691 0.535463 0.686857
692 0.031951 0.448791
693 0.619456 0.090059
694 0.131036 0.306613
695 0.082877 0.412726
696 0.964762 0.383016
697 0.621708 0.952743
698 0.619655 0.982951
699 0.423127 0.582257
700 0.608950 0.049837
701 0.326427 0.701685
702 0.299279 0.627158
703 0.923815 0.370853
704 0.846124 0.691835
705 0.449414 0.587535
706 0.158808 0.355452
707 0.225784 0.822591
708 0.837341 0.160833
709 0.492422 0.054752
710 0.268604 0.113481
711 0.491310 0.145050
712 0.559689 0.117320
713 0.949507 0.699127
714 0.633293 0.699343
715 0.494229 0.910744
716 0.556519 0.134343
717 0.971078 0.542226
718 0.109406 0.688407
719 0.941899 0.513450
720 0.644600 0.887961
721 0.081291 0.254491
722 0.158325 0.545745
723 0.978898 0.636753
724 0.950235 0.681902
725 0.640246 0.657929
726 0.330556 0.565394
727 0.399288 0.119279
728 0.832731 0.854618
729 0.082493 0.472703
730 0.685951 0.193269
731 0.016776 0.498590
732 0.686056 0.906406
733 0.642034 0.034418
734 0.687406 0.705241
735 0.629215 0.452457
736 0.061307 0.264942
737 0.545393 0.056024
738 0.081668 0.369501
739 0.720326 0.881495
740 0.147178 0.624866
741 0.629627 0.717392
742 0.127913 0.249571
743 0.468584 0.147531
744 0.836683 0.491066
745 0.632295 0.304324
746 0.074809 0.658254
747 0.162143 0.738739
748 0.917836 0.241021
749 0.905537 0.786592
750 0.597275 0.706199
751 0.440475 0.849251
752 0.345149 0.576944
753 0.048753 0.592855
754 0.612692 0.938639
755 0.837591 0.272798
756 0.268367 0.883362
757 0.935760 0.429258
758 0.545776 0.447072
759 0.769219 0.793606
760 0.580545 0.708292
761 0.599006 0.342612
762 0.192651 0.114463
763 0.784328 0.690735
764 0.397635 0.921296
765 0.497720 0.853020
766 0.895970 0.266363
767 0.585971 0.333642
768 0.560224 0.497264
769 0.213300 0.144292
770 0.151226 0.424039
771 0.708156 0.094671
772 0.239377 0.861655
773 0.767506 0.817622
774 0.670975 0.058332
775 0.424753 0.719783
776 0.214481 0.433730
777 0.862521 0.586730
778 0.850786 0.840483
779 0.686835 0.539178
780 0.807477 0.883413
781 0.556732 0.196668
782 0.871461 0.366349
783 0.452186 0.204773
784 0.642877 0.207614
785 0.776530 0.115121
786 0.821469 0.418899
787 0.382003 0.116679
788 0.433076 0.168686
789 0.715140 0.194107
790 0.719632 0.649802
791 0.183454 0.764916
792 0.629010 0.399324
793 0.129170 0.725045
794 0.809550 0.525386
795 0.526123 0.293116
796 0.327751 0.101709
797 0.605391 0.964736
798 0.326817 0.073762
799 0.046205 0.492285
800 0.639619 0.809239
801 0.267228 0.175823
802 0.763349 0.894274
803 0.657527 0.941581
804 0.723807 0.235744
805 0.612069 0.418276
806 0.350520 0.842135
807 0.034504 0.623346
808 0.806773 0.643880
809 0.539200 0.913124
810 0.283479 0.873189
811 0.196668 0.585210
812 0.684852 0.358326
813 0.665720 0.538330
814 0.932916 0.545908
815 0.242871 0.753500
816 0.175490 0.813415
817 0.312113 0.683336
818 0.801250 0.336186
819 0.436713 0.199491
820 0.312109 0.824214
821 0.665865 0.217464
822 0.586153 0.360713
823 0.868925 0.524804
824 0.309890 0.664704
825 0.619552 0.555868
826 0.265493 0.130482
827 0.406428 0.660800
828 0.596767 0.221032
829 0.986894 0.511319
830 0.083900 0.577136
831 0.864400 0.232032
832 0.551427 0.871682
833 0.496063 0.645712
834 0.903046 0.518075
835 0.448030 0.157814
836 0.896192 0.215191
837 0.559244 0.714677
838 0.464955 0.577960
839 0.384849 0.201581
840 0.822002 0.327105
841 0.070216 0.462623
842 0.568394 0.560298
843 0.304638 0.161683
844 0.574243 0.880441
845 0.171319 0.300887
846 0.509246 0.589902
847 0.483683 0.561351
848 0.421465 0.032659
849 0.506565 0.485848
850 0.707072 0.270939
851 0.549540 0.937218
852 0.782268 0.564941
853 0.007322 0.484482
854 0.207385 0.677268
855 0.776982 0.237833
856 0.755762 0.089950
857 0.786966 0.648947
858 0.207506 0.607065
859 0.802369 0.623942
860 0.833462 0.311181
861 0.323524 0.965674
862 0.317575 0.119746
863 0.418333 0.230509
864 0.876644 0.569574
865 0.127979 0.749894
866 0.060098 0.531822
867 0.837852 0.707496
868 0.337488 0.252764
869 0.337044 0.618340
870 0.219192 0.464761
871 0.147386 0.307220
872 0.555026 0.846630
873 0.820179 0.272547
874 0.937205 0.606986
875 0.834336 0.592422
876 0.607993 0.867252
877 0.442289 0.221659
878 0.767778 0.770944
879 0.740649 0.525498
880 0.506909 0.004678
881 0.342589 0.089764
882 0.989653 0.574703
883 0.974353 0.410718
884 0.274841 0.810935
885 0.787076 0.350879
886 0.344495 0.596594
887 0.464388 0.619459
888 0.654690 0.837079
889 0.783781 0.313641
890 0.569209 0.094425
891 0.821084 0.256386
892 0.747864 0.123609
893 0.587872 0.521459
894 0.826512 0.795375
895 0.229862 0.799822
896 0.215805 0.215326
897 0.409067 0.100139
898 0.202659 0.195843
899 0.328679 0.903411
900 0.125768 0.183646
901 0.661951 0.041999
902 0.499800 0.878400
903 0.713129 0.944583
904 0.633026 0.532362
905 0.640402 0.568874
906 0.753084 0.779514
907 0.432218 0.894188
908 0.400338 0.585479
909 0.477650 0.424974
910 0.686333 0.648421
911 0.329346 0.050932
912 0.653541 0.356452
913 0.702874 0.149717
914 0.430648 0.986027
915 0.488364 0.942456
916 0.603456 0.016999
917 0.299566 0.880946
918 0.782399 0.843434
919 0.574643 0.007144
920 0.176388 0.683180
921 0.298577 0.077236
922 0.038243 0.642169
923 0.313428 0.611479
924 0.379950 0.711147
925 0.309138 0.220639
926 0.372171 0.848883
927 0.645084 0.317407
928 0.508893 0.520753
929 0.205932 0.104413
930 0.107113 0.644607
931 0.276811 0.658395
932 0.897188 0.282174
933 0.551392 0.228883
934 0.412627 0.857234
935 0.014074 0.400734
936 0.900842 0.600679
937 0.092103 0.511844
938 0.556553 0.988778
939 0.384315 0.954711
940 0.871070 0.411933
941 0.489432 0.405354
942 0.899396 0.458269
943 0.716988 0.290630
944 0.493573 0.250175
945 0.081709 0.391556
946 0.554754 0.299511
947 0.609117 0.147472
948 0.208920 0.569792
949 0.041314 0.536289
950 0.904877 0.556265
951 0.592112 0.476331
952 0.692243 0.940430
953 0.755305 0.275090
954 0.545860 0.659307
955 0.906060 0.303801
956 0.125919 0.479130
957 0.609370 0.905012
958 0.505988 0.404792
959 0.060997 0.393325
960 0.519890 0.996888
961 0.216512 0.873230
962 0.334477 0.684083
963 0.921571 0.685547
964 0.506001 0.191273
965 0.768433 0.716924
966 0.927179 0.666988
967 0.895658 0.345674
968 0.152140 0.563477
969 0.290116 0.592637
970 0.110946 0.343509
971 0.262102 0.668127
972 0.737486 0.664135
973 0.672824 0.667093
974 0.818191 0.631112
975 0.224543 0.116463
976 0.034656 0.329231
977 0.952373 0.478931
978 0.484143 0.838313
979 0.736590 0.917037
980 0.116479 0.381661
981 0.848167 0.672173
982 0.085167 0.717217
983 0.802517 0.167150
984 0.384598 0.972767
985 0.069644 0.343803
986 0.158576 0.442410
987 0.915268 0.393198
988 0.532116 0.067997
989 0.761461 0.696343
990 0.701707 0.114890
991 0.867579 0.776467
992 0.333298 0.541494
993 0.005887 0.446210
994 0.777993 0.330512
995 0.630955 0.683377
996 0.640460 0.249955
997 0.248074 0.692684
998 0.214891 0.250029
999 0.363948 0.564971
4000
0 414
0 452
0 482
0 591
0 847
0 849
0 928
1 104
1 112
1 140
1 147
1 185
1 376
1 870
2 94
2 154
2 375
2 398
2 666
2 825
2 842
2 893
3 571
3 639
3 655
3 794
3 852
4 546
4 677
4 900
5 85
5 130
5 392
5 582
5 656
5 702
5 817
5 824
5 931
5 971
6 28
6 442
6 446
6 516
6 718
6 746
6 930
7 128
7 264
7 406
7 474
7 491
7 512
7 778
7 894
7 991
8 224
8 306
8 317
8 681
8 792
8 812
8 912
9 11
9 311
9 617
9 710
9 826
9 929
9 975
10 365
10 385
10 622
10 625
10 748
10 766
10 831
10 836
10 932
11 96
11 311
11 710
11 929
11 975
12 103
12 140
12 566
12 603
12 776
13 40
13 50
13 61
13 73
13 166
13 177
13 216
13 303
13 328
13 352
13 954
14 235
14 349
14 440
14 590
14 737
14 880
15 248
15 381
15 746
16 132
16 183
16 227
16 234
16 490
16 589
16 693
16 700
16 737
16 890
17 119
17 225
17 239
17 316
17 351
17 568
17 800
17 888
18 51
18 107
18 537
18 565
18 606
18 623
18 734
18 790
18 910
18 973
19 291
19 356
19 394
19 443
19 726
19 752
19 869
19 886
19 908
19 999
20 31
20 205
20 290
20 333
20 367
20 497
20 530
20 633
20 983
21 52
21 370
21 396
21 421
21 598
21 706
21 970
21 980
22 87
22 181
22 276
22 753
22 949
23 49
23 74
23 126
23 312
23 315
23 539
23 682
23 782
23 818
23 840
23 885
24 197
24 233
24 326
24 511
24 777
24 864
24 936
24 950
25 209
25 297
25 561
25 629
25 649
25 689
25 790
26 128
26 313
26 368
26 518
26 595
26 609
26 867
27 158
27 164
27 214
27 407
27 723
27 874
27 882
28 442
28 446
28 516
28 616
28 718
28 920
28 930
29 82
29 97
29 148
29 176
29 555
29 587
29 848
30 48
30 150
30 172
30 184
30 419
30 436
30 845
30 871
31 142
31 191
31 195
31 333
31 530
31 633
31 789
31 892
31 913
32 160
32 163
32 294
32 417
32 460
32 732
32 903
32 952
32 979
33 57
33 395
33 405
33 600
33 614
33 751
33 765
33 902
33 978
34 196
34 464
34 588
34 594
34 755
34 818
34 840
34 860
34 873
34 889
34 891
34 994
35 266
35 287
35 320
35 323
35 628
35 716
35 781
35 964
36 295
36 430
36 523
36 526
36 630
36 653
36 744
36 786
37 146
37 172
37 489
37 650
38 218
38 722
38 811
38 858
38 948
38 968
39 106
39 156
39 298
39 331
39 380
39 459
39 524
39 865
40 50
40 73
40 166
40 177
40 216
40 253
40 714
40 725
40 741
40 750
40 760
40 995
41 199
41 305
41 335
41 567
41 618
41 703
41 757
41 940
41 987
42 319
42 379
42 422
42 486
42 499
42 505
42 626
42 899
43 289
43 387
43 632
43 641
43 643
43 684
43 692
43 695
43 935
43 945
43 959
44 149
44 187
44 403
44 432
44 605
44 966
45 107
45 219
45 265
45 561
45 565
45 763
45 790
45 965
45 972
45 989
46 142
46 208
46 528
46 578
46 771
46 913
46 990
47 416
47 470
47 602
47 775
48 150
48 184
48 203
48 436
48 560
48 564
48 694
48 742
48 845
48 871
49 126
49 312
49 315
49 523
49 539
49 682
49 782
49 940
50 55
50 73
50 143
50 177
50 216
50 691
50 750
50 760
50 837
50 954
51 166
51 253
51 437
51 537
51 606
51 623
51 714
51 725
51 910
51 973
51 995
52 370
52 396
52 436
52 540
52 598
52 650
52 706
52 871
52 970
52 980
53 113
53 239
53 247
53 279
53 354
53 498
53 638
53 720
53 876
53 957
54 108
54 127
54 293
54 345
54 727
54 787
54 881
54 897
55 143
55 177
55 216
55 249
55 408
55 691
55 760
55 837
55 954
56 118
56 219
56 265
56 434
56 646
56 763
56 808
56 857
56 859
56 974
57 240
57 405
57 600
57 751
57 907
57 934
58 71
58 76
58 472
58 492
58 758
58 768
58 951
59 282
59 288
59 306
59 492
59 557
59 583
59 792
59 805
60 269
60 276
60 334
60 338
60 495
60 510
60 830
61 143
61 303
61 309
61 691
61 833
61 954
62 98
62 193
62 214
62 245
62 254
62 608
62 717
62 719
62 814
62 829
63 72
63 571
63 593
63 639
63 649
63 689
63 852
64 109
64 283
64 345
64 463
64 483
64 579
64 727
64 787
64 897
65 204
65 285
65 286
65 314
65 332
65 843
65 925
66 355
66 627
66 687
66 781
66 828
66 933
67 319
67 486
67 548
67 861
67 899
68 110
68 402
68 441
68 690
68 759
68 773
68 878
68 906
69 100
69 217
69 390
69 658
69 663
69 772
69 961
70 288
70 306
70 317
70 520
70 557
70 599
70 681
70 761
70 767
70 792
70 822
70 912
71 389
71 468
71 472
71 735
71 951
72 267
72 646
72 649
72 808
72 857
72 859
72 974
73 166
73 177
73 216
73 253
73 328
73 352
73 667
74 610
74 682
74 818
74 885
74 994
75 152
75 173
75 321
75 467
75 634
75 729
75 841
75 937
75 956
76 211
76 399
76 472
76 492
76 531
76 660
76 758
76 849
77 221
77 473
77 657
77 872
78 252
78 346
78 415
78 454
78 601
78 675
79 91
79 163
79 294
79 371
79 697
79 803
79 952
80 559
80 570
80 615
80 726
80 992
81 115
81 443
81 481
81 699
81 705
81 908
82 176
82 391
82 471
82 848
83 422
83 499
83 500
83 563
83 907
83 926
83 934
84 220
84 224
84 302
84 448
84 532
84 745
84 812
84 912
84 927
85 130
85 188
85 619
85 656
85 702
85 817
85 824
85 869
85 923
85 931
86 111
86 255
86 364
86 475
86 522
86 854
86 997
87 181
87 259
87 477
87 731
87 949
88 178
88 258
88 404
88 418
88 435
88 542
88 676
88 955
89 116
89 281
89 321
89 374
89 421
89 684
89 695
89 770
89 980
90 100
90 217
90 280
90 301
90 524
90 573
90 661
90 816
91 371
91 427
91 697
91 698
91 754
91 797
91 803
92 196
92 215
92 220
92 449
92 461
92 850
92 943
92 953
93 710
93 796
93 826
93 862
93 921
94 154
94 200
94 398
94 414
94 768
94 842
94 893
95 204
95 207
95 241
95 285
95 465
95 501
95 868
96 232
96 311
96 921
97 176
97 283
97 293
97 345
97 466
97 848
97 897
98 193
98 197
98 214
98 511
98 717
98 719
98 814
98 882
99 110
99 274
99 316
99 351
99 460
99 568
99 739
101 213
101 318
101 344
101 369
101 447
101 529
101 533
101 577
101 896
101 898
102 230
102 246
102 299
102 357
102 535
102 597
102 669
102 851
102 938
102 960
103 146
103 396
103 421
103 566
103 603
103 706
104 112
104 185
104 376
104 488
104 722
105 270
105 337
105 426
105 575
105 640
105 914
106 156
106 236
106 251
106 298
106 380
106 459
106 616
106 793
106 865
106 982
107 219
107 565
107 623
107 734
107 790
107 972
107 989
108 176
108 244
108 293
108 471
108 798
108 881
108 911
109 283
109 463
109 483
109 579
109 727
109 743
109 788
109 835
110 120
110 274
110 402
110 690
110 739
110 773
110 918
111 165
111 255
111 475
111 522
111 747
111 791
112 140
112 147
112 339
112 376
112 956
112 986
113 247
113 279
113 294
113 371
113 635
113 638
113 720
113 732
113 803
113 957
114 135
114 170
114 206
114 308
114 324
114 360
114 423
114 448
114 599
114 745
114 996
115 139
115 443
115 481
115 496
115 534
115 580
115 699
115 705
115 887
115 908
116 281
116 370
116 374
116 684
116 695
116 738
116 945
116 959
116 980
117 196
117 205
117 497
117 588
117 678
117 855
117 873
117 891
118 121
118 149
118 434
118 808
118 857
118 859
118 974
118 981
119 239
119 277
119 647
119 800
119 888
120 160
120 274
120 592
120 690
120 739
120 802
120 979
121 149
121 267
121 433
121 605
121 777
121 859
121 875
121 974
122 206
122 308
122 330
122 445
122 504
122 558
122 659
122 933
122 946
123 139
123 188
123 356
123 412
123 443
123 619
123 827
123 869
124 308
124 360
124 558
124 581
124 687
124 784
124 828
124 996
125 386
125 509
125 536
126 134
126 167
126 250
126 312
126 315
126 782
126 840
126 860
126 967
127 478
127 651
127 787
127 796
127 798
127 862
127 881
128 406
128 474
128 491
128 569
128 595
128 609
128 894
128 991
129 215
129 449
129 464
129 469
129 610
129 885
129 889
129 953
129 994
130 582
130 656
130 702
130 923
130 931
130 969
131 233
131 456
131 543
131 655
131 744
131 794
131 823
132 186
132 227
132 323
132 431
132 556
132 642
132 712
132 716
132 890
132 947
133 544
133 586
133 670
133 680
133 820
133 884
134 167
134 250
134 315
134 378
134 542
134 574
134 782
134 955
134 967
135 170
135 206
135 308
135 324
135 360
135 423
135 558
135 599
135 659
135 745
136 184
136 363
136 425
136 529
136 672
136 677
136 900
137 275
137 347
137 476
137 516
137 545
137 554
137 631
137 740
137 920
138 503
138 644
138 779
138 813
138 825
138 904
138 905
139 443
139 496
139 514
139 580
139 624
139 827
140 147
140 776
140 870
140 986
141 350
141 399
141 517
141 531
141 679
141 685
141 909
141 941
141 958
142 578
142 607
142 771
142 892
142 913
142 990
143 309
143 572
143 691
143 833
143 954
144 297
144 571
144 593
144 644
144 688
144 779
144 879
145 187
145 432
145 453
145 595
145 704
145 867
145 981
146 396
146 603
146 650
147 339
147 770
147 776
147 870
147 986
148 235
148 349
148 555
148 587
148 709
148 880
149 605
149 981
150 172
150 184
150 419
150 489
150 672
150 845
150 998
151 157
151 202
151 230
151 359
151 669
151 715
151 809
151 851
151 915
152 173
152 269
152 338
152 467
152 634
152 866
152 937
153 191
153 208
153 271
153 527
153 581
153 730
153 784
153 821
154 200
154 414
154 455
154 479
154 591
154 842
154 928
155 198
155 513
155 654
155 671
155 730
155 804
155 821
156 236
156 280
156 380
156 524
156 661
156 664
156 747
156 793
156 865
157 202
157 337
157 359
157 405
157 640
157 715
157 915
158 403
158 407
158 645
158 723
158 724
158 966
159 183
159 485
159 642
159 648
159 712
159 716
159 890
159 988
160 460
160 732
160 739
160 802
160 979
161 182
161 238
161 328
161 353
161 375
161 450
161 636
161 667
161 683
161 825
161 905
162 334
162 495
162 552
162 746
162 807
162 922
162 930
163 294
163 417
163 803
163 903
163 952
164 214
164 723
164 882
165 236
165 446
165 522
165 616
165 664
165 747
165 793
165 920
166 177
166 253
166 328
166 437
166 667
166 725
166 995
167 315
167 378
167 574
167 622
167 840
167 860
168 189
168 228
168 300
168 390
168 658
168 663
168 756
168 772
168 810
168 961
169 394
169 410
169 452
169 612
169 699
169 908
169 999
170 360
170 448
170 513
170 654
170 671
170 745
170 996
171 386
171 432
171 453
171 502
171 536
171 713
171 724
171 963
171 966
172 419
172 489
172 845
172 998
173 259
173 729
173 799
173 866
173 937
173 949
174 235
174 411
174 466
174 555
174 648
174 709
175 342
175 382
175 406
175 441
175 491
175 569
175 728
175 778
175 894
175 918
176 244
176 293
176 391
176 471
176 848
177 216
177 253
177 352
177 760
177 954
178 258
178 378
178 418
178 542
178 574
178 676
178 955
178 967
179 241
179 400
179 465
179 584
179 819
179 839
179 863
179 877
180 272
180 341
180 367
180 507
180 674
180 708
180 983
181 259
181 276
181 753
181 830
181 866
181 949
182 209
182 238
182 366
182 437
182 450
182 537
182 629
182 636
182 667
183 234
183 485
183 490
183 589
183 737
183 890
183 988
184 419
184 425
184 672
184 998
185 218
185 870
186 227
186 429
186 431
186 556
186 693
186 947
187 432
187 434
187 453
187 502
187 704
187 867
187 981
188 291
188 356
188 412
188 619
188 702
188 824
188 869
188 886
188 923
189 228
189 390
189 548
189 756
189 810
189 917
190 256
190 359
190 600
190 715
190 765
190 809
190 832
190 902
191 198
191 208
191 527
191 730
191 789
191 913
192 231
192 275
192 347
192 476
192 554
192 582
192 854
192 931
192 971
193 197
193 245
193 420
193 511
193 719
193 814
193 834
193 950
194 361
194 475
194 707
194 815
194 895
195 284
195 327
195 607
195 633
195 785
195 892
196 449
196 461
196 464
196 588
196 855
196 889
196 953
197 326
197 511
197 814
197 936
197 950
198 333
198 530
198 730
198 789
198 804
198 821
199 250
199 305
199 312
199 542
199 618
199 703
199 782
199 940
199 967
199 987
200 398
200 414
200 472
200 660
200 768
200 893
200 928
201 263
201 578
201 771
201 856
202 337
202 405
202 640
202 715
202 915
203 560
203 564
203 665
203 694
203 721
203 742
204 237
204 241
204 285
204 314
204 839
205 290
205 333
205 438
205 461
205 497
205 530
205 855
206 308
206 324
206 360
206 423
206 558
206 659
206 946
207 262
207 401
207 868
208 210
208 271
208 429
208 527
208 528
208 913
208 990
209 238
209 297
209 366
209 629
209 689
210 322
210 429
210 431
210 527
210 528
210 541
211 261
211 399
211 531
211 660
211 679
211 758
211 849
212 287
212 325
212 743
212 783
212 788
212 819
212 835
212 877
213 243
213 419
213 447
213 458
213 489
213 577
213 896
213 998
214 511
214 717
214 814
214 882
215 220
215 302
215 449
215 464
215 469
215 532
215 610
215 943
215 994
216 253
216 750
216 760
216 837
217 301
217 573
217 658
217 707
217 816
217 895
217 961
218 585
218 811
218 948
219 265
219 561
219 646
219 763
219 857
219 965
219 972
219 989
220 302
220 449
220 532
220 850
220 943
221 256
221 397
221 473
221 657
221 832
221 872
222 494
222 592
222 780
222 802
222 979
223 226
223 245
223 273
223 304
223 462
223 757
223 942
223 977
224 302
224 317
224 532
224 681
224 812
224 912
224 927
225 351
225 402
225 568
226 245
226 420
226 719
226 942
226 977
227 234
227 431
227 541
227 693
227 890
228 390
228 548
228 663
228 756
229 240
229 422
229 426
229 505
229 575
229 626
229 764
229 939
229 984
230 359
230 424
230 669
230 715
230 809
230 851
231 275
231 392
231 554
231 582
231 637
231 656
231 931
231 971
231 997
232 613
232 798
232 911
232 921
233 433
233 456
233 777
233 823
233 864
233 950
234 490
234 589
234 693
234 700
234 890
235 349
235 440
235 555
235 709
235 880
235 988
236 298
236 380
236 446
236 616
236 664
236 747
236 793
236 865
237 314
237 463
237 478
237 584
237 839
238 366
238 450
238 503
238 636
238 644
238 905
239 247
239 354
239 397
239 647
239 800
239 876
239 888
240 337
240 422
240 426
240 764
240 907
241 285
241 400
241 465
241 839
241 863
241 868
242 335
242 435
242 542
242 618
242 676
242 696
242 703
242 987
243 413
243 447
243 458
243 489
243 998
244 471
244 613
244 798
244 911
245 254
245 420
245 608
245 719
245 834
245 977
246 357
246 427
246 535
246 550
246 597
246 797
246 851
246 938
247 279
247 316
247 638
247 720
247 876
247 888
248 251
248 298
248 381
248 459
248 982
249 408
249 691
249 760
249 837
250 312
250 378
250 542
250 703
250 782
250 967
250 987
251 298
251 381
251 442
251 459
251 616
251 718
251 793
251 982
252 336
252 346
252 415
252 454
252 517
252 538
252 601
253 437
253 714
253 725
253 750
253 995
254 273
254 358
254 462
254 608
254 719
254 829
254 977
255 364
255 522
255 554
255 637
255 854
255 997
256 473
256 765
256 832
256 872
256 902
256 978
257 452
257 457
257 481
257 482
257 699
257 705
257 838
257 847
258 378
258 404
258 418
258 676
258 932
258 955
259 477
259 562
259 731
259 799
259 853
259 866
259 949
260 372
260 416
260 470
260 496
260 514
260 534
260 580
260 624
260 775
260 827
261 531
261 679
261 849
262 401
262 413
262 428
262 868
263 322
263 771
263 774
263 901
264 406
264 474
264 512
264 749
264 778
264 991
265 561
265 646
265 649
265 763
265 790
265 857
265 972
265 989
266 287
266 325
266 628
266 711
266 964
267 433
267 852
267 859
267 875
267 974
268 393
268 551
268 620
268 652
268 944
269 338
269 467
269 488
269 510
269 634
269 722
269 968
270 575
270 914
270 939
270 984
271 429
271 527
271 581
271 627
271 687
271 784
271 947
272 284
272 327
272 367
272 633
272 674
272 708
272 983
273 296
273 304
273 358
273 462
273 686
273 757
273 977
274 351
274 402
274 460
274 690
274 739
275 347
275 476
275 545
275 554
275 854
275 858
276 334
276 753
276 830
277 397
277 647
277 657
277 800
278 559
278 582
278 585
278 811
278 858
278 948
279 316
279 460
279 638
279 720
279 732
280 331
280 380
280 524
280 661
281 321
281 339
281 374
281 684
281 695
281 729
281 841
281 956
282 288
282 329
282 350
282 492
282 557
282 583
282 621
282 822
283 345
283 411
283 466
283 483
283 579
283 727
283 897
284 327
284 633
284 674
284 785
284 983
285 401
285 868
285 925
286 340
286 506
286 533
286 668
286 801
286 843
286 925
287 307
287 325
287 628
287 711
287 743
287 964
288 306
288 329
288 520
288 557
288 681
288 761
288 792
288 805
288 822
289 562
289 641
289 684
289 692
289 729
289 799
289 841
290 333
290 367
290 438
290 497
290 530
290 855
291 356
291 570
291 702
291 726
291 752
291 869
291 886
291 923
291 969
292 424
292 498
292 535
292 550
292 635
292 638
292 697
292 754
292 844
292 957
293 345
293 727
293 787
293 897
294 371
294 732
294 803
294 903
294 952
295 430
295 523
295 526
295 539
295 630
295 786
296 304
296 686
296 757
296 883
297 366
297 503
297 593
297 644
297 689
297 779
298 459
298 616
298 718
298 793
298 865
298 982
299 357
299 439
299 597
299 669
299 915
299 960
300 544
300 670
300 680
300 756
300 772
300 810
300 884
300 917
301 573
301 661
301 707
301 816
301 895
302 532
302 812
302 943
303 352
303 479
303 846
304 462
304 618
304 686
304 757
304 883
304 977
305 312
305 523
305 526
305 567
305 782
305 940
305 987
306 317
306 520
306 681
306 792
306 805
306 822
306 912
307 320
307 325
307 620
307 652
307 783
307 944
307 964
308 360
308 558
308 659
308 828
308 996
309 362
309 416
309 572
309 602
309 662
309 691
309 833
309 954
310 370
310 383
310 493
310 540
310 560
310 598
310 738
310 970
310 985
311 710
311 921
311 975
312 523
312 539
312 782
312 940
313 343
313 368
313 518
313 763
313 965
313 989
314 332
314 478
314 651
314 843
315 682
315 782
315 818
315 840
315 860
316 351
316 460
316 568
316 888
317 520
317 681
317 792
317 812
317 912
318 344
318 369
318 533
318 577
318 801
318 896
318 898
319 486
319 505
319 626
319 861
319 899
320 330
320 504
320 652
320 781
320 933
320 964
321 339
321 684
321 729
321 841
321 956
322 377
322 528
322 541
322 771
322 774
322 901
322 990
323 355
323 556
323 628
323 642
323 712
323 716
324 423
324 520
324 599
324 745
324 761
324 767
324 927
325 620
325 783
325 819
325 964
326 403
326 511
326 645
326 874
326 936
326 950
327 633
327 674
327 708
327 785
327 983
328 352
328 353
328 450
328 667
328 683
329 350
329 492
329 517
329 538
329 557
329 583
329 601
329 621
329 822
330 445
330 504
330 652
330 933
330 944
331 380
331 524
332 478
332 651
332 843
332 862
333 367
333 438
333 497
333 530
333 789
334 495
334 753
334 830
335 435
335 618
335 696
335 703
335 757
335 883
335 987
336 346
336 538
336 795
336 946
337 405
337 426
337 575
337 640
337 915
338 467
338 488
338 634
338 830
338 937
339 374
339 376
339 770
339 956
339 986
340 369
340 506
340 617
340 710
340 801
340 826
340 843
341 507
341 678
341 831
341 836
342 382
342 494
342 592
342 728
342 778
342 780
342 918
343 368
343 518
343 878
343 906
343 965
343 989
344 369
344 519
344 529
344 611
344 617
344 769
344 898
345 466
345 579
345 727
345 897
346 415
346 454
346 538
346 551
346 601
346 795
347 476
347 522
347 545
347 554
347 854
347 920
348 457
348 481
348 534
348 662
348 705
348 833
348 838
348 846
348 887
349 440
349 555
349 587
349 709
349 880
350 399
350 492
350 517
350 583
350 621
350 685
350 758
350 941
350 958
351 402
351 568
352 353
352 683
353 375
353 450
353 636
353 667
353 683
354 397
354 498
354 638
354 647
354 832
354 844
354 872
354 876
354 957
355 556
355 627
355 687
355 716
355 781
355 947
356 443
356 752
356 869
356 886
356 908
357 535
357 597
357 669
357 851
357 938
357 960
358 462
358 608
358 686
358 829
358 977
359 715
359 809
359 902
360 558
360 671
360 996
361 670
361 680
361 707
361 884
361 895
362 416
362 470
362 496
362 534
362 572
362 602
362 662
362 833
362 887
363 425
363 519
363 529
363 549
363 611
363 672
363 677
363 898
364 392
364 637
364 673
364 815
364 971
364 997
365 748
365 836
366 503
366 629
366 636
366 644
367 497
367 633
367 983
368 518
368 609
368 759
368 878
368 906
369 533
369 617
369 769
369 801
369 826
370 738
370 945
370 970
370 980
370 985
371 635
371 638
371 697
371 754
371 803
371 957
372 412
372 514
372 547
372 624
372 827
372 924
373 453
373 509
373 512
373 536
373 595
373 991
374 421
374 770
374 980
374 986
375 636
375 666
375 683
375 825
375 904
375 905
376 467
376 488
376 956
377 431
377 528
377 541
377 693
377 733
377 774
377 901
378 542
378 574
378 676
378 932
378 955
378 967
379 384
379 499
379 500
379 525
379 544
379 899
379 917
380 459
380 524
380 664
380 865
381 442
381 718
381 746
381 982
382 441
382 491
382 569
382 728
382 780
382 918
383 409
383 493
383 576
383 736
383 976
383 985
384 499
384 525
384 544
384 810
384 899
384 917
385 574
385 622
385 625
385 755
385 766
385 831
385 873
385 891
385 932
386 453
386 502
386 536
386 713
386 963
387 480
387 632
387 641
387 643
387 935
387 959
388 700
388 733
388 901
388 916
389 468
389 735
389 805
389 951
390 658
390 663
390 772
390 961
391 471
391 848
392 484
392 637
392 656
392 673
392 817
392 824
392 931
392 971
392 997
393 445
393 454
393 551
393 795
393 944
394 410
394 612
394 752
394 908
394 999
395 444
395 508
395 614
395 751
395 934
395 978
396 421
396 566
396 603
396 650
396 706
397 647
397 657
397 832
397 844
397 872
397 876
398 468
398 472
398 768
398 893
398 951
399 492
399 531
399 679
399 758
399 849
399 909
399 958
400 465
400 501
400 553
400 863
400 877
401 413
401 428
401 668
401 868
401 925
402 690
402 759
402 773
402 906
403 407
403 605
403 645
403 874
403 936
403 966
404 418
404 676
405 600
405 715
405 902
405 907
406 474
406 491
406 569
406 609
406 778
406 894
406 991
407 645
407 723
407 724
407 874
407 966
408 691
408 837
409 493
409 576
409 736
409 976
410 612
410 992
410 999
411 466
411 483
411 485
411 579
411 648
411 709
412 547
412 619
412 701
412 817
412 824
412 962
413 428
413 458
414 455
414 479
414 591
414 847
414 928
415 517
415 601
415 621
415 675
415 685
415 941
415 958
416 470
416 496
416 514
416 534
416 572
416 580
416 602
416 662
416 833
417 903
417 952
417 979
418 748
418 766
418 932
418 955
419 489
419 998
420 543
420 653
420 823
420 834
420 942
421 566
421 706
421 770
421 980
421 986
422 499
422 626
422 764
422 907
423 599
423 659
423 761
423 767
423 946
424 498
424 809
424 832
424 844
424 851
425 529
425 672
425 677
425 896
425 898
426 575
426 640
426 764
426 914
426 939
427 535
427 550
427 697
427 698
427 797
427 938
428 447
428 458
428 668
428 868
428 925
429 431
429 527
429 528
429 541
429 947
430 630
430 744
431 541
431 693
431 947
432 453
432 502
432 704
432 963
432 966
432 981
433 456
433 655
433 777
433 864
433 875
434 704
434 763
434 808
434 857
434 867
434 974
434 981
435 676
435 696
435 703
436 598
436 650
436 694
436 706
436 845
436 871
437 450
437 537
437 667
437 725
437 910
437 973
437 995
438 461
438 530
438 804
438 855
438 953
439 597
439 669
439 915
439 960
440 485
440 590
440 709
440 737
440 880
440 988
441 491
441 569
441 690
441 759
441 773
441 894
441 918
442 516
442 718
442 746
442 930
443 886
443 908
444 473
444 521
444 614
444 978
445 504
445 551
445 652
445 795
445 944
446 516
446 616
446 718
446 793
446 920
447 458
447 533
447 577
447 668
448 654
448 671
448 745
448 927
449 464
449 469
449 850
449 943
449 953
450 537
450 636
450 667
450 725
451 552
451 807
451 922
452 482
453 502
453 536
453 595
453 963
454 551
455 457
455 479
455 482
455 591
455 846
455 847
455 928
456 543
456 655
456 823
456 864
457 481
457 482
457 705
457 838
457 846
457 847
457 887
458 489
458 577
458 668
458 998
459 793
459 865
459 982
460 732
460 739
461 530
461 804
461 855
461 953
462 608
462 686
462 829
462 977
463 478
463 727
463 787
463 897
464 469
464 588
464 594
464 889
464 953
464 994
465 501
465 553
465 863
466 483
466 579
466 709
467 488
467 634
467 937
467 956
468 735
468 893
468 951
469 610
469 885
469 889
469 994
470 496
470 514
470 572
470 602
470 775
472 660
472 758
472 768
472 951
473 521
473 765
473 978
474 491
474 512
474 749
474 991
475 791
475 815
476 545
476 554
476 631
476 740
476 858
477 562
477 731
477 853
477 949
478 651
478 727
478 787
479 842
479 846
480 596
480 632
480 643
480 935
480 959
480 976
481 534
481 580
481 662
481 699
481 705
481 838
481 887
482 591
482 705
482 838
482 847
483 579
483 648
483 711
483 743
483 835
484 637
484 673
484 701
484 817
484 962
485 642
485 648
485 737
485 890
485 988
486 505
486 626
486 861
486 939
487 515
487 549
487 611
487 677
487 900
488 634
488 722
488 968
489 998
490 589
490 590
490 700
490 737
490 916
490 919
490 988
491 569
491 728
491 778
491 894
492 583
492 621
492 758
493 596
493 976
493 985
494 592
494 780
494 802
495 510
495 830
495 930
496 514
496 534
496 580
496 624
496 827
497 530
497 633
497 855
497 983
498 638
498 844
498 876
498 957
499 500
499 525
499 806
499 899
499 926
500 525
500 563
500 604
500 806
500 926
501 553
502 536
502 963
502 966
503 636
503 644
503 779
503 813
503 905
504 652
504 781
504 933
505 626
505 861
505 939
505 984
506 801
506 826
506 843
507 708
508 563
508 614
508 751
508 934
509 512
509 536
509 749
509 991
510 631
510 740
510 968
511 814
511 874
511 936
511 950
512 536
512 749
512 991
513 654
513 671
513 784
513 821
513 996
514 534
514 580
514 624
514 827
515 519
515 549
515 611
515 762
515 769
515 929
516 631
516 740
516 930
517 583
517 601
517 621
517 675
517 685
517 941
517 958
518 609
518 878
518 965
519 529
519 549
519 611
519 762
519 769
519 898
520 599
520 681
520 745
520 761
520 767
520 822
520 912
520 927
521 614
521 765
521 978
522 554
522 854
522 920
523 526
523 539
523 567
523 630
523 786
523 940
524 661
524 664
524 816
524 865
525 544
525 806
525 820
525 899
525 917
525 926
526 539
526 567
526 630
526 653
526 940
526 942
527 581
527 730
528 541
528 771
528 774
528 990
529 549
529 611
529 672
529 677
529 896
529 898
530 789
530 804
530 855
531 679
531 849
531 909
531 941
531 958
532 812
533 577
533 668
533 801
533 896
534 572
534 580
534 662
534 833
534 887
535 550
535 697
535 754
535 797
535 851
535 938
536 595
537 629
537 725
537 910
537 973
538 557
538 601
538 767
538 946
539 682
539 786
539 940
540 560
540 564
540 598
540 694
540 871
540 970
541 693
542 676
542 703
542 955
542 967
543 630
543 653
543 744
543 823
543 834
544 670
544 810
544 820
544 917
545 631
545 740
545 811
545 858
546 665
546 900
547 701
547 924
547 962
548 756
548 810
548 917
549 611
549 677
549 900
550 635
550 697
550 754
550 797
550 851
550 957
551 795
551 944
552 746
552 807
552 922
553 863
554 854
554 920
555 587
555 709
556 627
556 712
556 716
556 947
557 583
557 621
557 761
557 767
557 822
558 659
558 828
558 933
559 570
559 615
559 969
560 564
560 598
560 694
560 871
561 646
561 649
561 790
561 857
561 972
562 692
562 731
562 799
562 853
562 993
563 751
563 926
563 934
564 694
564 742
564 871
565 623
565 734
566 603
566 770
567 630
567 653
567 757
567 940
567 942
568 800
568 888
569 609
569 894
569 918
570 726
570 752
570 969
570 992
571 593
571 639
571 852
571 879
572 602
572 662
572 691
572 833
573 661
573 664
573 791
573 816
573 895
574 622
574 766
574 932
574 955
575 640
575 914
575 984
576 721
576 736
577 668
577 801
577 896
578 607
578 771
578 856
578 892
578 990
579 743
579 835
579 897
580 624
580 827
580 887
581 627
581 687
581 784
581 821
582 656
582 702
582 931
582 969
583 621
583 958
584 783
584 788
584 819
584 839
584 863
584 877
585 615
585 811
585 948
586 604
586 806
586 820
588 594
588 755
588 855
588 873
588 889
588 891
588 953
589 590
589 700
589 737
589 916
589 919
590 737
590 880
590 919
591 847
591 928
592 780
592 802
592 918
593 689
593 852
593 879
594 755
594 818
594 840
594 860
594 873
594 889
594 891
595 867
595 991
596 643
596 738
596 959
596 976
596 985
597 669
597 938
597 960
598 650
598 694
598 706
598 871
598 970
599 681
599 745
599 761
599 767
599 927
600 715
600 751
600 765
600 902
600 907
600 978
601 621
601 675
601 685
601 958
604 806
604 926
605 645
605 936
606 623
606 714
606 725
606 734
606 741
606 973
606 995
607 771
607 785
607 856
607 892
608 717
608 719
608 829
608 977
609 894
609 991
610 885
610 994
611 762
611 769
612 999
613 798
613 911
613 921
614 751
614 978
616 718
616 747
616 793
616 865
617 710
617 769
617 826
617 975
618 696
618 703
618 757
618 883
618 987
619 701
619 817
619 824
619 869
619 962
620 783
620 819
620 863
620 877
620 944
621 685
621 958
622 625
622 755
622 766
622 932
623 734
623 910
623 973
624 827
624 924
625 678
625 755
625 831
625 873
625 891
626 764
626 939
626 984
627 687
627 947
628 642
628 648
628 711
628 716
629 790
629 910
630 653
630 744
630 940
630 942
631 740
632 641
632 692
632 935
632 959
632 993
633 785
633 983
634 722
634 937
635 638
635 697
635 720
635 754
635 797
635 803
635 957
636 667
636 905
637 673
637 931
637 971
637 997
638 720
638 876
638 957
639 655
639 794
639 852
639 879
640 914
640 915
641 692
641 695
641 935
641 959
641 993
642 648
642 712
642 716
642 890
643 738
643 935
643 945
643 959
643 985
644 688
644 779
644 813
645 874
645 936
646 649
646 808
646 857
646 859
646 972
647 657
647 800
647 876
648 711
648 988
649 689
649 857
649 859
650 706
650 845
650 871
651 843
651 862
652 944
653 942
654 671
654 821
654 850
654 996
655 794
656 702
656 824
656 923
656 931
656 971
657 872
658 663
658 707
658 772
658 961
659 946
660 758
660 768
660 849
660 928
661 664
661 791
661 816
662 833
662 887
663 961
664 747
664 791
664 865
665 721
665 742
666 683
666 825
666 842
666 893
667 725
668 801
668 925
669 851
669 915
669 960
670 680
670 810
670 820
670 884
671 821
671 996
672 896
672 898
673 997
674 708
674 983
675 685
675 941
676 703
676 955
677 900
678 831
678 891
679 909
679 941
680 707
680 772
680 884
680 895
681 761
681 792
681 912
681 927
682 786
682 818
682 885
683 842
684 695
684 729
684 841
685 909
685 941
685 958
686 883
687 784
687 828
688 779
688 879
690 773
690 918
691 837
691 954
692 841
692 853
692 993
693 700
694 845
694 871
694 970
695 738
695 945
695 959
696 703
696 883
697 698
697 754
697 797
697 803
698 754
698 797
699 705
699 838
699 908
700 733
700 916
701 817
701 824
701 962
702 824
702 869
702 923
702 931
702 969
703 967
703 987
704 867
704 981
705 838
705 847
705 887
707 772
707 895
708 983
709 988
710 826
710 975
711 743
712 716
712 890
713 724
713 963
713 966
714 725
714 741
714 750
714 995
715 809
715 902
715 915
716 890
717 719
717 814
717 829
717 882
718 793
718 930
718 982
719 814
719 829
719 834
719 977
720 876
720 957
721 736
722 968
724 963
724 966
725 973
725 995
726 752
726 886
726 992
726 999
727 787
727 897
728 778
728 780
729 799
729 841
729 937
729 956
730 789
730 821
731 799
731 853
731 949
732 739
732 952
733 774
733 901
733 916
734 973
735 805
735 951
737 988
738 945
738 959
738 970
738 980
738 985
739 802
739 979
740 930
741 750
741 995
743 788
743 835
744 794
745 927
746 922
746 930
747 791
747 793
747 865
748 766
748 836
749 991
750 760
750 837
750 995
751 934
751 978
752 869
752 886
752 992
752 999
753 807
753 830
754 797
754 803
754 957
755 860
755 873
755 891
756 772
756 810
756 917
757 883
757 987
759 773
759 878
759 906
760 837
761 767
761 822
762 769
762 929
762 975
763 857
763 965
763 989
764 907
764 939
765 902
765 978
766 932
766 955
767 822
768 893
768 951
769 929
769 975
770 986
771 990
772 961
773 906
773 918
774 901
776 870
777 864
777 875
777 936
779 813
781 933
782 967
783 788
783 819
783 863
783 877
784 821
784 996
785 856
785 892
787 897
788 819
788 835
789 804
790 910
790 972
792 805
793 865
793 982
795 946
796 798
796 862
796 881
796 921
798 881
798 911
798 921
799 841
799 853
799 866
799 949
800 888
801 843
802 979
803 952
804 850
806 820
806 926
807 922
808 857
808 859
808 974
809 832
809 851
810 917
811 858
811 948
812 912
813 904
813 905
814 834
814 950
817 824
817 931
817 962
818 840
818 860
818 885
818 889
818 994
819 835
819 863
819 877
820 884
821 996
823 834
824 931
824 962
825 904
825 905
826 975
831 836
832 844
832 872
833 887
834 950
838 847
838 887
839 863
840 860
840 885
840 889
840 994
842 893
843 862
844 872
844 876
844 957
845 871
846 847
849 928
850 943
853 993
854 920
854 997
855 953
856 892
857 859
857 974
858 948
859 875
859 974
860 873
862 881
863 877
864 936
864 950
866 937
866 949
867 981
868 925
869 886
869 923
873 891
874 936
875 974
876 957
878 906
881 911
885 889
885 994
886 923
886 999
889 994
896 898
896 998
899 917
902 978
903 952
903 979
904 905
907 934
908 999
909 941
909 958
910 973
911 921
912 927
913 990
916 919
923 969
926 934
929 975
931 971
931 997
932 955
936 950
938 960
939 984
941 958
943 953
945 959
945 980
955 967
963 966
965 989
970 980
970 985
971 997
972 989
973 995
976 985
992 999
