1000
0 0.959424 0.322611
1 0.661896 0.638490
2 0.856361 0.362844
3 0.320834 0.736638
4 0.521549 0.448570
5 0.583778 0.322007
6 0.228336 0.416519
7 0.532257 0.414832
8 0.633834 0.566141
9 0.291977 0.377201
10 0.260082 0.832343
11 0.636244 0.605591
12 0.742528 0.417911
13 0.511950 0.400863
14 0.651846 0.373723
15 0.506656 0.224116
16 0.305197 0.572686
17 0.252972 0.464119
18 0.652353 0.467834
19 0.430203 0.550333
20 0.524251 0.133098
21 0.629229 0.341710
22 0.438315 0.445078
23 0.543470 0.245594
24 0.258742 0.416603
25 0.454084 0.111751
26 0.221575 0.942025
27 0.396646 0.346618
28 0.862209 0.340778
29 0.289575 0.707775
30 0.382070 0.195068
31 0.457066 0.534323
32 0.293167 0.409755
33 0.519890 0.554967
34 0.428859 0.161300
35 0.626876 0.760846
36 0.920961 0.300543
37 0.266557 0.688824
38 0.488373 0.054368
39 0.538741 0.295146
40 0.397486 0.647315
41 0.260070 0.805276
42 0.538366 0.577765
43 0.334099 0.251067
44 0.573629 0.258991
45 0.237399 0.357041
46 0.275795 0.412538
47 0.638547 0.444586
48 0.151730 0.317236
49 0.648160 0.417203
50 0.384643 0.235982
51 0.413024 0.452172
52 0.638721 0.739233
53 0.336791 0.512870
54 0.199916 0.338826
55 0.902445 0.348348
56 0.565203 0.487849
57 0.382117 0.612611
58 0.557263 0.362133
59 0.310252 0.308775
60 0.301053 0.665127
61 0.416899 0.128604
62 0.601109 0.616509
63 0.369506 0.431254
64 0.557674 0.590007
65 0.536198 0.202474
66 0.930978 0.338699
67 0.482550 0.110787
68 0.227399 0.875111
69 0.345754 0.484297
70 0.539769 0.316731
71 0.275702 0.734256
72 0.664625 0.375921
73 0.408157 0.630723
74 0.653352 0.446639
75 0.370339 0.658558
76 0.299044 0.852578
77 0.547696 0.557471
78 0.688662 0.943551
79 0.595381 0.778171
80 0.421612 0.471835
81 0.529535 0.357728
82 0.372475 0.364936
83 0.494223 0.419473
84 0.387050 0.434921
85 0.430541 0.462273
86 0.453068 0.249949
87 0.740957 0.366868
88 0.494795 0.248785
89 0.125663 0.353806
90 0.510250 0.283181
91 0.453864 0.332251
92 0.479798 0.433324
93 0.394268 0.182074
94 0.579783 0.615445
95 0.192919 0.397498
96 0.616420 0.477887
97 0.460193 0.502574
98 0.789639 0.395512
99 0.240445 0.452005
100 0.838437 0.319271
101 0.391789 0.465737
102 0.589306 0.382645
103 0.766633 0.396847
104 0.503644 0.149808
105 0.381086 0.378930
106 0.625669 0.379024
107 0.126806 0.308568
108 0.241936 0.941057
109 0.515615 0.110015
110 0.242514 0.863284
111 0.054356 0.334921
112 0.395390 0.325539
113 0.221340 0.443165
114 0.463518 0.059074
115 0.457266 0.308207
116 0.640602 0.587029
117 0.966344 0.305010
118 0.634250 0.707263
119 0.499613 0.173026
120 0.938487 0.313690
121 0.319158 0.520089
122 0.334197 0.429342
123 0.670211 0.883782
124 0.653308 0.677205
125 0.487269 0.449065
126 0.723696 0.451013
127 0.557444 0.253541
128 0.503030 0.439667
129 0.647724 0.488427
130 0.316188 0.695780
131 0.591545 0.698042
132 0.485488 0.276425
133 0.360017 0.516176
134 0.439896 0.298239
135 0.543640 0.168397
136 0.657693 0.892892
137 0.450276 0.618952
138 0.514125 0.537319
139 0.392955 0.724437
140 0.548335 0.328614
141 0.394827 0.542439
142 0.397926 0.447035
143 0.279536 0.331046
144 0.376767 0.304963
145 0.421152 0.315956
146 0.383006 0.559512
147 0.520590 0.430394
148 0.258621 0.853082
149 0.423083 0.139782
150 0.654331 0.552560
151 0.413548 0.693570
152 0.829393 0.330381
153 0.310746 0.834957
154 0.352387 0.267985
155 0.502839 0.205168
156 0.245578 0.370529
157 0.681192 0.449366
158 0.304351 0.713971
159 0.299677 0.791729
160 0.626926 0.421392
161 0.362495 0.483210
162 0.369172 0.457693
163 0.352246 0.606168
164 0.520075 0.603445
165 0.618878 0.555902
166 0.208140 0.315084
167 0.675877 0.776367
168 0.423170 0.673398
169 0.883534 0.345553
170 0.319342 0.809337
171 0.335557 0.459730
172 0.085194 0.310430
173 0.137240 0.323383
174 0.244917 0.422977
175 0.441259 0.500957
176 0.391721 0.281265
177 0.694258 0.435536
178 0.380940 0.581945
179 0.386151 0.485544
180 0.354611 0.786898
181 0.559798 0.518597
182 0.277655 0.877190
183 0.540316 0.532009
184 0.647790 0.346848
185 0.440739 0.217432
186 0.571948 0.697426
187 0.373913 0.569282
188 0.778659 0.303174
189 0.515821 0.244244
190 0.426672 0.588792
191 0.654426 0.849730
192 0.242294 0.795462
193 0.481034 0.579027
194 0.402403 0.408584
195 0.134056 0.367204
196 0.657076 0.735509
197 0.478937 0.467248
198 0.453768 0.398409
199 0.347489 0.708362
200 0.448735 0.155052
201 0.280671 0.813559
202 0.443892 0.355671
203 0.571413 0.463292
204 0.846468 0.337323
205 0.341970 0.330676
206 0.580724 0.715868
207 0.296470 0.561541
208 0.597314 0.459733
209 0.433740 0.105718
210 0.062536 0.312568
211 0.165071 0.322619
212 0.419416 0.176393
213 0.611012 0.379636
214 0.753895 0.382362
215 0.663688 0.815525
216 0.381409 0.672127
217 0.440958 0.594486
218 0.257687 0.338905
219 0.561618 0.295476
220 0.613844 0.660693
221 0.843428 0.352340
222 0.449952 0.282567
223 0.772265 0.360373
224 0.349541 0.395390
225 0.811539 0.402434
226 0.305908 0.486959
227 0.461797 0.456072
228 0.554989 0.620114
229 0.664803 0.486427
230 0.403578 0.715302
231 0.615176 0.343158
232 0.392026 0.394193
233 0.276492 0.359134
234 0.385033 0.531167
235 0.241608 0.815227
236 0.486594 0.407743
237 0.375424 0.246993
238 0.684410 0.961708
239 0.595605 0.575628
240 0.607690 0.680703
241 0.363443 0.207640
242 0.468886 0.564073
243 0.332566 0.761685
244 0.678002 0.806450
245 0.330264 0.691595
246 0.383754 0.349508
247 0.220226 0.364654
248 0.643282 0.790930
249 0.300205 0.466511
250 0.503175 0.488520
251 0.343827 0.310224
252 0.308685 0.677675
253 0.287071 0.308027
254 0.301248 0.646931
255 0.304518 0.349756
256 0.550050 0.413634
257 0.214538 0.396875
258 0.365171 0.543444
259 0.408696 0.279341
260 0.226391 0.347601
261 0.569398 0.349653
262 0.284581 0.838540
263 0.333261 0.785835
264 0.625182 0.586031
265 0.797579 0.328988
266 0.521257 0.311644
267 0.538327 0.432365
268 0.188976 0.346268
269 0.622322 0.741160
270 0.567323 0.536910
271 0.754303 0.431902
272 0.634353 0.630369
273 0.406114 0.234209
274 0.373981 0.337613
275 0.481823 0.071096
276 0.540530 0.473552
277 0.393096 0.511834
278 0.442076 0.185790
279 0.491686 0.546695
280 0.397160 0.681417
281 0.286190 0.771848
282 0.913361 0.333155
283 0.473592 0.617264
284 0.337502 0.572718
285 0.172238 0.367019
286 0.216752 0.966954
287 0.330913 0.607449
288 0.592268 0.642410
289 0.513742 0.090345
290 0.261835 0.360319
291 0.599547 0.712376
292 0.468360 0.292868
293 0.382111 0.452551
294 0.441998 0.515868
295 0.626983 0.454696
296 0.348389 0.726758
297 0.190280 0.314234
298 0.353356 0.631700
299 0.151334 0.353324
300 0.363909 0.597304
301 0.624148 0.639006
302 0.528162 0.614309
303 0.188139 0.378353
304 0.346152 0.768355
305 0.529174 0.491651
306 0.248618 0.438568
307 0.596978 0.530433
308 0.801861 0.311608
309 0.471615 0.045366
310 0.672511 0.432398
311 0.644184 0.659694
312 0.113156 0.315935
313 0.770496 0.321558
314 0.698024 0.306200
315 0.362011 0.753487
316 0.438790 0.237277
317 0.635082 0.481810
318 0.152290 0.337974
319 0.732349 0.324581
320 0.317772 0.635414
321 0.489449 0.480807
322 0.609677 0.785105
323 0.233681 0.923505
324 0.632544 0.819413
325 0.456391 0.266265
326 0.456936 0.606968
327 0.200190 0.427492
328 0.296132 0.737514
329 0.623246 0.833254
330 0.553187 0.673608
331 0.232632 0.435424
332 0.503261 0.185531
333 0.582389 0.571806
334 0.642098 0.507066
335 0.508378 0.055233
336 0.296254 0.724843
337 0.707772 0.357834
338 0.317868 0.787284
339 0.442216 0.267755
340 0.315661 0.773034
341 0.422486 0.365029
342 0.398830 0.498188
343 0.450395 0.571253
344 0.695290 0.364783
345 0.359568 0.684636
346 0.617823 0.464876
347 0.411344 0.551890
348 0.324900 0.593444
349 0.315925 0.372668
350 0.329923 0.303212
351 0.095362 0.301416
352 0.183296 0.408372
353 0.607679 0.594351
354 0.487896 0.343938
355 0.500281 0.572390
356 0.620241 0.510592
357 0.487418 0.301181
358 0.364643 0.701919
359 0.512618 0.140402
360 0.358242 0.466343
361 0.267778 0.469753
362 0.242163 0.830762
363 0.260527 0.781452
364 0.334191 0.543430
365 0.489461 0.496402
366 0.285895 0.664085
367 0.555780 0.208684
368 0.168894 0.348164
369 0.418982 0.377388
370 0.579053 0.546403
371 0.636664 0.432069
372 0.351831 0.537391
373 0.396391 0.195334
374 0.506080 0.034403
375 0.243632 0.849323
376 0.639302 0.404121
377 0.486268 0.235983
378 0.638363 0.850260
379 0.803940 0.387358
380 0.768241 0.427836
381 0.340919 0.628597
382 0.715037 0.334400
383 0.426625 0.221967
384 0.598953 0.328016
385 0.631657 0.777313
386 0.615245 0.618570
387 0.545996 0.444945
388 0.641295 0.527443
389 0.267445 0.429568
390 0.468710 0.518467
391 0.661726 0.747384
392 0.983569 0.301523
393 0.624483 0.393397
394 0.574565 0.377412
395 0.117966 0.336671
396 0.672136 0.341933
397 0.411168 0.420141
398 0.202067 0.354506
399 0.601146 0.758623
400 0.345948 0.281299
401 0.145843 0.305915
402 0.314723 0.293907
403 0.251417 0.351470
404 0.657429 0.906056
405 0.947331 0.329126
406 0.314053 0.605796
407 0.575865 0.673109
408 0.514009 0.270282
409 0.102515 0.337921
410 0.469527 0.204907
411 0.499233 0.307166
412 0.409841 0.509208
413 0.578088 0.641655
414 0.468997 0.254940
415 0.757666 0.356683
416 0.371620 0.529964
417 0.677177 0.401384
418 0.226893 0.954263
419 0.296167 0.582358
420 0.328013 0.704685
421 0.430396 0.333578
422 0.299878 0.759850
423 0.562439 0.431506
424 0.604541 0.419238
425 0.418520 0.620160
426 0.429595 0.605071
427 0.392180 0.423338
428 0.412720 0.566578
429 0.794943 0.408324
430 0.651197 0.873561
431 0.541870 0.219857
432 0.631141 0.689102
433 0.578081 0.392755
434 0.707523 0.407730
435 0.457547 0.124047
436 0.453222 0.197781
437 0.666999 0.693603
438 0.497348 0.396068
439 0.270482 0.794268
440 0.456225 0.437869
441 0.337902 0.642712
442 0.561462 0.608106
443 0.442961 0.478925
444 0.314980 0.414793
445 0.651584 0.771978
446 0.385188 0.687463
447 0.618442 0.687437
448 0.517419 0.589889
449 0.696881 0.450966
450 0.147599 0.367505
451 0.789190 0.342028
452 0.440170 0.536559
453 0.665784 0.707824
454 0.594367 0.443708
455 0.539425 0.260650
456 0.239143 0.312139
457 0.495237 0.358149
458 0.490419 0.199330
459 0.389930 0.213538
460 0.495957 0.011157
461 0.333124 0.376240
462 0.820662 0.372816
463 0.261425 0.321234
464 0.582188 0.293009
465 0.292266 0.615026
466 0.445693 0.317684
467 0.519364 0.160456
468 0.360488 0.355679
469 0.503430 0.456251
470 0.564957 0.392735
471 0.685069 0.862359
472 0.477379 0.093872
473 0.464493 0.576929
474 0.580897 0.513355
475 0.611259 0.543155
476 0.334040 0.398122
477 0.379953 0.267985
478 0.313139 0.553847
479 0.510099 0.324244
480 0.438744 0.642062
481 0.339279 0.411836
482 0.565091 0.563387
483 0.423243 0.444605
484 0.303247 0.520570
485 0.431522 0.379749
486 0.578709 0.482676
487 0.177215 0.331005
488 0.486723 0.599951
489 0.660774 0.782705
490 0.660453 0.761457
491 0.665948 0.361911
492 0.414713 0.491502
493 0.239454 0.385090
494 0.697670 0.323773
495 0.509102 0.345655
496 0.518018 0.370939
497 0.556025 0.269066
498 0.587366 0.353442
499 0.283750 0.447365
500 0.542502 0.361265
501 0.454677 0.468696
502 0.689363 0.390576
503 0.723458 0.376477
504 0.676314 0.301897
505 0.613608 0.571820
506 0.718665 0.348454
507 0.165142 0.379847
508 0.576485 0.738526
509 0.784789 0.378896
510 0.219322 0.306845
511 0.312750 0.655668
512 0.217004 0.330459
513 0.536811 0.134610
514 0.453498 0.637838
515 0.413128 0.646721
516 0.449408 0.381373
517 0.457427 0.236305
518 0.412911 0.223271
519 0.325956 0.281038
520 0.384997 0.738406
521 0.442999 0.457093
522 0.770488 0.344968
523 0.321579 0.480196
524 0.680436 0.473665
525 0.436779 0.148461
526 0.366208 0.496126
527 0.407798 0.607787
528 0.556864 0.694490
529 0.778511 0.406953
530 0.387396 0.637317
531 0.552672 0.652876
532 0.395435 0.374879
533 0.641596 0.318250
534 0.810107 0.360158
535 0.287785 0.469520
536 0.291654 0.320085
537 0.356806 0.410801
538 0.475524 0.399072
539 0.080940 0.343759
540 0.577625 0.586119
541 0.409773 0.476623
542 0.520609 0.185992
543 0.347279 0.255844
544 0.190148 0.330558
545 0.666479 0.932740
546 0.321860 0.720168
547 0.534713 0.591521
548 0.892244 0.304620
549 0.595033 0.745045
550 0.592204 0.369695
551 0.504913 0.472392
552 0.582542 0.658363
553 0.713840 0.437748
554 0.655236 0.580796
555 0.415326 0.154296
556 0.455189 0.553379
557 0.417269 0.520601
558 0.554063 0.465269
559 0.682421 0.324870
560 0.322410 0.440136
561 0.476962 0.179232
562 0.333151 0.818168
563 0.897149 0.328825
564 0.356642 0.568066
565 0.278880 0.699720
566 0.295410 0.814725
567 0.419665 0.431824
568 0.351037 0.380087
569 0.583878 0.337401
570 0.550466 0.233176
571 0.741916 0.340338
572 0.537765 0.394317
573 0.266314 0.904201
574 0.686691 0.917003
575 0.617915 0.406344
576 0.412791 0.326858
577 0.478017 0.365911
578 0.317259 0.323069
579 0.549339 0.181810
580 0.592989 0.413602
581 0.659816 0.663741
582 0.415737 0.661265
583 0.439098 0.204651
584 0.399427 0.665704
585 0.618148 0.701511
586 0.566992 0.317371
587 0.299010 0.537658
588 0.251841 0.894473
589 0.633693 0.539065
590 0.406428 0.390236
591 0.561567 0.338120
592 0.531685 0.649372
593 0.257313 0.720335
594 0.597811 0.603769
595 0.077970 0.325745
596 0.565541 0.726623
597 0.592784 0.302491
598 0.386863 0.336247
599 0.141444 0.386796
600 0.640307 0.753359
601 0.748159 0.403363
602 0.808934 0.300088
603 0.619740 0.813409
604 0.600103 0.513781
605 0.458637 0.367387
606 0.409299 0.341489
607 0.361791 0.315170
608 0.352905 0.228623
609 0.352560 0.300761
610 0.319454 0.461722
611 0.382370 0.319113
612 0.488983 0.028739
613 0.321783 0.570241
614 0.496515 0.323432
615 0.875491 0.321807
616 0.411433 0.306292
617 0.234422 0.885747
618 0.356836 0.437163
619 0.542327 0.488201
620 0.490772 0.217090
621 0.583311 0.278199
622 0.269128 0.844441
623 0.279058 0.485821
624 0.877599 0.308607
625 0.437280 0.679335
626 0.428114 0.570200
627 0.622960 0.717999
628 0.450179 0.078242
629 0.500023 0.074096
630 0.263108 0.385885
631 0.757151 0.300021
632 0.425669 0.287312
633 0.343265 0.670711
634 0.539128 0.504854
635 0.753552 0.331879
636 0.281367 0.641230
637 0.569695 0.661021
638 0.344459 0.739633
639 0.651739 0.608611
640 0.216503 0.384004
641 0.690818 0.349834
642 0.406730 0.177423
643 0.305391 0.388515
644 0.257906 0.751303
645 0.381137 0.706550
646 0.637500 0.552863
647 0.742344 0.303062
648 0.392598 0.162566
649 0.282498 0.597841
650 0.356803 0.453036
651 0.696655 0.971453
652 0.358782 0.368285
653 0.385758 0.294952
654 0.599731 0.345381
655 0.527967 0.092442
656 0.262287 0.305958
657 0.646068 0.333284
658 0.574906 0.424475
659 0.430611 0.346773
660 0.327071 0.660585
661 0.729078 0.390054
662 0.839361 0.374933
663 0.397532 0.305689
664 0.631491 0.499573
665 0.665435 0.863457
666 0.504438 0.559352
667 0.460612 0.178640
668 0.560879 0.709505
669 0.157578 0.394040
670 0.790114 0.358105
671 0.735308 0.351243
672 0.403769 0.254952
673 0.552913 0.540036
674 0.316359 0.502640
675 0.629615 0.322627
676 0.709451 0.459447
677 0.892815 0.358950
678 0.536163 0.233341
679 0.615891 0.433217
680 0.646030 0.803849
681 0.244710 0.905865
682 0.676817 0.830200
683 0.245134 0.776022
684 0.279538 0.344393
685 0.584238 0.755679
686 0.254700 0.820299
687 0.551232 0.307562
688 0.332625 0.344908
689 0.681274 0.896659
690 0.644344 0.831355
691 0.362293 0.389489
692 0.471265 0.125172
693 0.701584 0.376664
694 0.437664 0.397301
695 0.472838 0.240031
696 0.527567 0.467032
697 0.508387 0.615528
698 0.869584 0.360222
699 0.346585 0.585662
700 0.403309 0.590445
701 0.492869 0.118893
702 0.465238 0.103588
703 0.478919 0.531794
704 0.574474 0.441436
705 0.374763 0.634409
706 0.470611 0.325610
707 0.413718 0.195749
708 0.504234 0.503258
709 0.406595 0.207263
710 0.245922 0.397277
711 0.521280 0.293863
712 0.675425 0.843766
713 0.669490 0.792986
714 0.735645 0.428993
715 0.484383 0.564128
716 0.314458 0.401594
717 0.515879 0.414718
718 0.577574 0.235477
719 0.500111 0.275057
720 0.492787 0.093017
721 0.600525 0.558744
722 0.526900 0.219450
723 0.473097 0.494814
724 0.845626 0.306913
725 0.643446 0.724034
726 0.369741 0.281100
727 0.637563 0.468923
728 0.610345 0.636462
729 0.623386 0.846199
730 0.337350 0.266254
731 0.328021 0.495350
732 0.354650 0.503219
733 0.606946 0.365535
734 0.294803 0.686258
735 0.427616 0.696060
736 0.622633 0.670081
737 0.539304 0.545744
738 0.224378 0.913007
739 0.502954 0.593658
740 0.301342 0.362655
741 0.465372 0.088536
742 0.531587 0.634714
743 0.853819 0.318375
744 0.397817 0.622610
745 0.710040 0.310290
746 0.241261 0.329039
747 0.543414 0.341766
748 0.436383 0.249717
749 0.246362 0.925739
750 0.444214 0.416727
751 0.369653 0.718221
752 0.452011 0.092839
753 0.564206 0.502333
754 0.301129 0.428334
755 0.506033 0.424420
756 0.572157 0.217017
757 0.206531 0.416067
758 0.713872 0.393070
759 0.592682 0.588551
760 0.527529 0.328308
761 0.267876 0.373658
762 0.810168 0.324582
763 0.480230 0.312610
764 0.610652 0.736199
765 0.417891 0.270273
766 0.543940 0.376154
767 0.218886 0.928768
768 0.477919 0.352152
769 0.427401 0.118783
770 0.305260 0.592323
771 0.586692 0.494114
772 0.511243 0.381841
773 0.199935 0.384410
774 0.647884 0.307128
775 0.531895 0.154062
776 0.590353 0.728001
777 0.268245 0.455427
778 0.817161 0.348747
779 0.664059 0.330118
780 0.639437 0.868010
781 0.375159 0.508179
782 0.438518 0.093663
783 0.379545 0.758014
784 0.493159 0.138830
785 0.352075 0.551517
786 0.729360 0.337545
787 0.319948 0.340060
788 0.515522 0.173891
789 0.512404 0.125242
790 0.644339 0.642847
791 0.768290 0.414833
792 0.673644 0.737066
793 0.626300 0.363159
794 0.372374 0.687312
795 0.380712 0.544061
796 0.343862 0.796985
797 0.371838 0.745338
798 0.129668 0.382090
799 0.206466 0.977858
800 0.501407 0.236425
801 0.559547 0.551881
802 0.601174 0.391962
803 0.228399 0.320687
804 0.534765 0.451054
805 0.614825 0.318480
806 0.649748 0.707734
807 0.457342 0.348074
808 0.703059 0.341130
809 0.476363 0.545635
810 0.525971 0.276171
811 0.942729 0.301139
812 0.663540 0.423300
813 0.724103 0.308219
814 0.358015 0.329020
815 0.686199 0.884254
816 0.658987 0.830680
817 0.518102 0.521595
818 0.483455 0.381167
819 0.418507 0.533249
820 0.363168 0.773965
821 0.680960 0.932705
822 0.473404 0.160044
823 0.382918 0.596071
824 0.287886 0.426121
825 0.652253 0.404225
826 0.355895 0.667695
827 0.088268 0.354101
828 0.308084 0.749914
829 0.448925 0.171322
830 0.523459 0.346480
831 0.914961 0.316319
832 0.628554 0.802765
833 0.474218 0.225777
834 0.535552 0.665896
835 0.471425 0.418336
836 0.680308 0.367208
837 0.491577 0.512751
838 0.553446 0.576281
839 0.398739 0.525979
840 0.664942 0.388658
841 0.531684 0.516274
842 0.640820 0.387267
843 0.330795 0.560740
844 0.373378 0.732348
845 0.275843 0.756637
846 0.462887 0.152643
847 0.680345 0.414153
848 0.515513 0.357872
849 0.309984 0.625422
850 0.831544 0.306581
851 0.515180 0.212372
852 0.579714 0.686787
853 0.714662 0.419484
854 0.625879 0.307419
855 0.377937 0.220605
856 0.286889 0.397720
857 0.665004 0.917433
858 0.294399 0.439351
859 0.597238 0.673537
860 0.290368 0.870872
861 0.188853 0.421877
862 0.552196 0.389643
863 0.546852 0.518041
864 0.427917 0.408854
865 0.442070 0.431738
866 0.565014 0.229004
867 0.472505 0.600811
868 0.697677 0.469711
869 0.339258 0.360367
870 0.323926 0.832381
871 0.527094 0.250415
872 0.514564 0.069439
873 0.364146 0.644846
874 0.421997 0.397316
875 0.337930 0.528509
876 0.309349 0.822164
877 0.663309 0.303359
878 0.601375 0.799126
879 0.497904 0.527791
880 0.392227 0.249005
881 0.350175 0.423934
882 0.368656 0.259658
883 0.346747 0.652005
884 0.517502 0.570407
885 0.686259 0.311172
886 0.675324 0.757833
887 0.524248 0.198261
888 0.534307 0.189213
889 0.785011 0.316569
890 0.310536 0.444914
891 0.180776 0.392249
892 0.333729 0.472281
893 0.616153 0.796359
894 0.405374 0.577229
895 0.270501 0.770196
896 0.451947 0.488890
897 0.278964 0.626230
898 0.342601 0.446159
899 0.375429 0.395083
900 0.517207 0.504568
901 0.558812 0.282102
902 0.327274 0.625087
903 0.600482 0.473007
904 0.032828 0.321056
905 0.723994 0.409317
906 0.378422 0.646811
907 0.461913 0.593133
908 0.629662 0.654493
909 0.561830 0.635230
910 0.426250 0.507276
911 0.650249 0.538939
912 0.658712 0.596921
913 0.395880 0.559680
914 0.314487 0.429344
915 0.090174 0.331011
916 0.462904 0.382693
917 0.601270 0.314703
918 0.479380 0.136397
919 0.103142 0.359112
920 0.018043 0.303407
921 0.740308 0.380155
922 0.401667 0.153449
923 0.576353 0.363606
924 0.664691 0.462626
925 0.229185 0.861789
926 0.306044 0.334969
927 0.169264 0.409809
928 0.648139 0.359879
929 0.292546 0.494119
930 0.517203 0.628684
931 0.489934 0.159084
932 0.113746 0.373554
933 0.453661 0.656924
934 0.768468 0.376920
935 0.638498 0.678434
936 0.132525 0.342809
937 0.799803 0.374379
938 0.099582 0.319662
939 0.568856 0.404981
940 0.459361 0.218259
941 0.531245 0.566521
942 0.336713 0.720580
943 0.276761 0.383049
944 0.781138 0.328892
945 0.820470 0.314768
946 0.260315 0.879552
947 0.580630 0.528941
948 0.320619 0.357846
949 0.042298 0.301231
950 0.552671 0.479842
951 0.648538 0.628664
952 0.323579 0.748988
953 0.424886 0.638418
954 0.670224 0.904939
955 0.666430 0.726312
956 0.261603 0.732829
957 0.754168 0.315437
958 0.648719 0.691068
959 0.619310 0.495550
960 0.297299 0.630613
961 0.329050 0.317045
962 0.359693 0.581583
963 0.259764 0.445277
964 0.704954 0.428495
965 0.824338 0.397643
966 0.344566 0.694268
967 0.246500 0.875735
968 0.067249 0.342938
969 0.366551 0.609822
970 0.270375 0.718855
971 0.266074 0.674998
972 0.931508 0.325324
973 0.545497 0.155856
974 0.405759 0.364706
975 0.467933 0.340044
976 0.501477 0.369313
977 0.377422 0.468759
978 0.537569 0.121670
979 0.278617 0.317537
980 0.474002 0.479082
981 0.665435 0.406118
982 0.432880 0.628245
983 0.619057 0.773194
984 0.670568 0.315127
985 0.781812 0.422195
986 0.317700 0.533609
987 0.466159 0.139569
988 0.392227 0.262741
989 0.213515 0.346352
990 0.572837 0.599450
991 0.541331 0.274589
992 0.516352 0.477986
993 0.414723 0.247048
994 0.481653 0.259676
995 0.216787 0.428268
996 0.649975 0.433985
997 0.467130 0.275235
998 0.169896 0.300894
999 0.368913 0.622748
4000
0 117
0 120
0 405
0 811
0 972
1 272
1 311
1 581
1 790
1 951
2 28
2 204
2 221
2 662
2 698
3 158
3 243
3 296
3 328
3 336
3 546
3 638
3 828
3 942
3 952
4 128
4 147
4 267
4 387
4 469
4 551
4 696
4 755
4 804
4 992
5 384
5 464
5 569
5 586
5 591
5 597
5 654
5 917
6 24
6 113
6 174
6 257
6 306
6 327
6 331
6 710
6 757
6 995
7 13
7 147
7 256
7 267
7 572
7 717
7 755
8 116
8 150
8 165
8 264
8 505
8 554
8 589
8 646
9 233
9 255
9 349
9 630
9 643
9 740
9 761
9 856
9 943
10 41
10 148
10 201
10 235
10 262
10 362
10 375
10 622
10 686
11 116
11 264
11 272
11 386
11 639
11 912
11 951
12 271
12 380
12 601
12 714
12 791
12 853
12 905
13 83
13 236
13 438
13 496
13 572
13 717
13 755
13 772
14 72
14 106
14 184
14 491
14 793
14 825
14 836
14 840
14 842
14 928
15 88
15 155
15 189
15 377
15 458
15 620
15 722
15 800
15 851
16 207
16 348
16 419
16 478
16 613
16 770
16 843
17 99
17 306
17 361
17 777
17 963
18 47
18 74
18 129
18 229
18 295
18 317
18 524
18 727
18 924
19 343
19 347
19 428
19 452
19 556
19 626
19 819
20 104
20 109
20 359
20 467
20 513
20 775
20 789
20 978
21 184
21 231
21 533
21 654
21 657
21 675
21 793
21 805
21 928
22 51
22 85
22 227
22 440
22 483
22 501
22 521
22 567
22 750
22 865
23 127
23 189
23 431
23 455
23 497
23 570
23 678
23 866
23 871
23 991
24 46
24 174
24 306
24 389
24 710
24 824
24 963
25 67
25 209
25 435
25 472
25 692
25 702
25 741
25 752
25 769
25 782
25 987
26 108
26 286
26 323
26 418
26 738
26 749
26 767
27 82
27 112
27 246
27 274
27 532
27 576
27 598
27 606
27 974
28 169
28 204
28 221
28 615
28 698
28 743
29 37
29 71
29 130
29 158
29 328
29 336
29 565
29 734
29 970
30 93
30 241
30 373
30 459
30 642
30 709
30 855
31 294
31 390
31 452
31 556
31 703
31 809
32 46
32 444
32 643
32 716
32 754
32 824
32 856
32 858
32 914
33 42
33 77
33 138
33 279
33 355
33 666
33 737
33 884
33 941
34 149
34 200
34 212
34 278
34 525
34 555
34 642
34 829
34 922
35 52
35 269
35 322
35 385
35 399
35 445
35 600
35 764
35 983
36 120
36 548
36 811
36 831
36 972
37 565
37 734
37 970
37 971
38 114
38 275
38 309
38 335
38 374
38 612
38 629
38 872
39 70
39 219
39 266
39 687
39 711
39 810
39 901
39 991
40 73
40 75
40 216
40 515
40 530
40 582
40 584
40 705
40 744
40 906
40 953
41 192
41 201
41 235
41 363
41 439
41 686
42 64
42 77
42 448
42 482
42 547
42 838
42 884
42 941
43 154
43 543
43 608
43 730
44 127
44 497
44 621
44 718
44 901
45 156
45 218
45 247
45 260
45 290
45 403
45 493
45 746
45 989
46 389
46 630
46 754
46 824
46 856
46 943
47 49
47 74
47 160
47 295
47 346
47 371
47 679
47 727
47 996
48 107
48 173
48 211
48 318
48 401
48 487
48 998
49 74
49 160
49 310
49 371
49 376
49 812
49 825
49 981
49 996
50 237
50 273
50 459
50 672
50 855
50 880
50 882
50 988
51 80
51 85
51 101
51 142
51 483
51 521
51 541
51 567
52 196
52 269
52 391
52 600
52 627
52 725
52 764
52 955
53 69
53 121
53 133
53 372
53 674
53 731
53 732
53 875
53 986
54 166
54 260
54 268
54 297
54 398
54 487
54 512
54 544
54 989
55 66
55 169
55 282
55 563
55 677
56 203
56 276
56 474
56 486
56 558
56 619
56 753
56 771
56 950
57 163
57 300
57 527
57 530
57 705
57 744
57 823
57 969
57 999
58 81
58 261
58 394
58 500
58 591
58 747
58 766
58 862
58 923
59 253
59 350
59 402
59 536
59 578
59 926
59 961
60 252
60 254
60 366
60 511
60 660
60 734
61 149
61 209
61 525
61 555
61 769
61 922
62 94
62 288
62 353
62 386
62 594
62 728
62 759
63 84
63 162
63 293
63 427
63 537
63 618
63 650
63 881
64 228
64 442
64 482
64 540
64 547
64 838
64 990
65 367
65 431
65 542
65 579
65 722
65 851
65 887
65 888
66 120
66 282
66 405
66 831
66 972
67 435
67 472
67 692
67 701
67 702
67 720
67 741
67 784
67 918
68 110
68 375
68 617
68 925
68 967
69 161
69 171
69 360
69 523
69 526
69 731
69 732
69 892
70 140
70 219
70 266
70 479
70 586
70 591
70 687
70 711
70 747
70 760
71 328
71 336
71 593
71 644
71 845
71 956
71 970
72 417
72 491
72 502
72 836
72 840
72 842
72 928
72 981
73 425
73 515
73 527
73 530
73 744
73 953
73 982
74 157
74 295
74 310
74 371
74 727
74 812
74 924
74 996
75 216
75 345
75 530
75 584
75 633
75 705
75 794
75 826
75 873
75 883
75 906
76 153
76 262
76 860
77 183
77 270
77 482
77 673
77 737
77 801
77 838
77 941
78 238
78 545
78 574
78 651
78 821
79 322
79 399
79 685
79 878
79 893
79 983
80 85
80 101
80 443
80 483
80 492
80 521
80 541
81 495
81 496
81 500
81 747
81 760
81 766
81 772
81 830
81 848
81 976
82 105
82 246
82 274
82 468
82 532
82 568
82 652
82 691
82 899
83 92
83 125
83 128
83 147
83 236
83 438
83 538
83 717
83 755
83 835
84 142
84 162
84 194
84 293
84 397
84 427
84 618
85 443
85 483
85 501
85 521
85 541
86 316
86 325
86 339
86 414
86 517
86 695
86 748
86 994
86 997
87 214
87 415
87 503
87 506
87 571
87 661
87 671
87 921
87 934
88 132
88 189
88 377
88 408
88 414
88 695
88 719
88 800
88 994
89 195
89 299
89 395
89 409
89 450
89 798
89 919
89 932
89 936
90 132
90 266
90 357
90 408
90 411
90 711
90 719
90 810
91 115
91 202
91 421
91 466
91 659
91 706
91 807
91 975
92 125
92 128
92 227
92 236
92 440
92 755
92 835
93 212
93 373
93 642
93 648
93 707
93 709
93 922
94 228
94 288
94 413
94 442
94 540
94 594
94 759
94 909
94 990
95 257
95 303
95 352
95 640
95 757
95 773
95 861
95 891
95 927
96 208
96 295
96 317
96 346
96 664
96 727
96 903
96 959
97 175
97 294
97 365
97 390
97 443
97 723
97 896
97 980
98 103
98 225
98 379
98 429
98 509
98 529
98 791
98 934
98 937
98 985
99 113
99 174
99 306
99 331
99 777
99 963
100 152
100 204
100 724
100 743
100 762
100 850
100 945
101 142
101 162
101 179
101 293
101 541
101 977
102 213
102 394
102 433
102 470
102 498
102 550
102 733
102 802
102 923
102 939
103 214
103 429
103 509
103 529
103 601
103 791
103 934
103 985
104 119
104 359
104 467
104 775
104 784
104 788
104 789
104 918
104 931
105 232
105 246
105 532
105 568
105 590
105 652
105 691
105 899
105 974
106 213
106 376
106 393
106 575
106 733
106 793
106 802
106 842
106 928
107 173
107 312
107 395
107 401
107 938
108 323
108 418
108 749
108 767
109 289
109 359
109 655
109 701
109 720
109 789
109 978
110 148
110 375
110 617
110 925
110 946
110 967
111 210
111 539
111 595
111 904
111 968
112 144
112 145
112 246
112 274
112 576
112 598
112 606
112 611
112 616
112 663
113 306
113 327
113 331
113 995
114 275
114 309
114 628
114 741
115 134
115 222
115 292
115 466
115 706
115 763
116 264
116 554
116 639
116 912
117 120
117 392
117 811
118 432
118 447
118 585
118 627
118 725
118 806
118 935
118 958
119 332
119 458
119 467
119 542
119 561
119 788
119 822
119 931
120 405
120 811
120 831
120 972
121 364
121 484
121 587
121 674
121 731
121 875
121 986
122 171
122 444
122 481
122 537
122 560
122 618
122 881
122 890
122 898
122 914
123 136
123 404
123 430
123 471
123 665
123 689
123 815
123 954
124 311
124 432
124 437
124 581
124 935
124 958
125 128
125 197
125 227
125 469
125 551
126 449
126 553
126 676
126 714
126 964
127 455
127 497
127 570
127 678
127 718
127 866
127 871
127 901
127 991
128 147
128 469
128 717
128 755
129 229
129 317
129 334
129 664
129 727
129 959
130 158
130 245
130 252
130 420
130 546
130 734
130 966
131 186
131 206
131 240
131 291
131 407
131 447
131 585
131 776
131 852
131 859
132 292
132 357
132 408
132 414
132 719
132 994
132 997
133 234
133 258
133 372
133 416
133 526
133 732
133 781
133 875
134 145
134 222
134 292
134 339
134 466
134 616
134 632
135 467
135 542
135 579
135 775
135 788
135 888
135 973
136 404
136 430
136 665
136 689
136 815
136 857
136 954
137 217
137 283
137 326
137 426
137 480
137 514
137 867
137 907
137 982
138 183
138 279
138 666
138 737
138 817
138 841
138 879
139 230
139 520
139 645
139 751
139 797
139 844
140 261
140 586
140 591
140 687
140 747
140 760
140 830
141 146
141 234
141 258
141 277
141 347
141 416
141 428
141 795
141 819
141 839
141 913
142 162
142 293
142 397
142 427
142 483
142 567
142 977
143 218
143 233
143 253
143 463
143 536
143 656
143 684
143 926
143 979
144 176
144 607
144 609
144 611
144 653
144 663
144 726
144 814
145 421
145 466
145 576
145 606
145 616
145 632
145 663
146 178
146 187
146 234
146 258
146 347
146 428
146 564
146 795
146 894
146 913
147 267
147 387
147 717
147 755
147 804
148 262
148 362
148 375
148 622
148 946
148 967
149 200
149 525
149 555
149 769
149 922
150 388
150 554
150 589
150 646
150 911
151 168
151 230
151 280
151 446
151 625
151 735
152 204
152 221
152 724
152 743
152 762
152 778
152 850
152 945
153 170
153 262
153 562
153 566
153 870
153 876
154 400
154 477
154 519
154 543
154 726
154 730
154 882
155 332
155 458
155 542
155 620
155 722
155 851
155 887
156 247
156 260
156 290
156 403
156 493
156 630
156 710
156 761
157 177
157 310
157 449
157 524
157 676
157 868
157 924
158 328
158 336
158 420
158 546
158 565
158 734
159 170
159 201
159 281
159 338
159 340
159 439
159 566
160 371
160 376
160 393
160 424
160 575
160 679
160 825
160 996
161 162
161 179
161 360
161 526
161 732
161 781
161 977
162 293
162 360
162 618
162 650
162 898
162 977
163 287
163 298
163 300
163 348
163 381
163 699
163 962
163 969
163 999
164 302
164 448
164 547
164 697
164 739
164 930
165 239
165 475
165 505
165 589
165 646
165 721
166 297
166 510
166 512
166 544
166 803
167 244
167 445
167 489
167 490
167 713
167 886
168 280
168 515
168 582
168 584
168 625
168 735
169 563
169 615
169 677
169 698
170 263
170 338
170 562
170 566
170 796
170 870
170 876
171 360
171 523
171 560
171 610
171 650
171 890
171 892
171 898
172 210
172 312
172 351
172 595
172 915
172 938
173 211
173 312
173 318
173 395
173 401
173 936
174 306
174 331
174 389
174 710
174 963
174 995
175 294
175 443
175 492
175 896
175 910
176 259
176 477
176 653
176 663
176 672
176 726
176 765
176 988
177 310
177 449
177 553
177 676
177 847
177 853
177 964
178 187
178 300
178 564
178 700
178 823
178 894
178 913
178 962
179 277
179 342
179 492
179 526
179 541
179 781
179 977
180 263
180 304
180 796
180 820
181 183
181 270
181 474
181 634
181 673
181 753
181 841
181 863
181 947
182 573
182 860
182 946
183 270
183 634
183 673
183 737
183 801
183 817
183 841
183 863
184 396
184 491
184 533
184 657
184 675
184 779
184 793
184 928
185 316
185 383
185 436
185 517
185 518
185 583
185 940
186 206
186 330
186 407
186 528
186 596
186 668
186 852
187 258
187 300
187 564
187 785
187 795
187 823
187 913
187 962
188 308
188 313
188 602
188 631
188 889
188 944
188 957
189 408
189 455
189 678
189 722
189 800
189 871
190 217
190 343
190 426
190 428
190 527
190 626
190 700
190 894
191 378
191 430
191 665
191 682
191 690
191 712
191 780
191 816
192 235
192 363
192 439
192 683
192 686
193 242
193 355
193 473
193 488
193 666
193 715
193 739
193 867
193 907
194 232
194 397
194 427
194 567
194 590
194 864
194 874
194 899
195 299
195 450
195 599
195 798
195 932
195 936
196 391
196 453
196 490
196 600
196 725
196 792
196 806
196 886
196 955
197 227
197 321
197 469
197 501
197 551
197 723
197 980
198 485
198 516
198 538
198 694
198 750
198 835
198 864
198 916
199 245
199 296
199 345
199 358
199 420
199 546
199 751
199 942
199 966
200 525
200 667
200 822
200 829
200 846
200 987
201 262
201 439
201 566
201 686
201 876
202 341
202 421
202 485
202 516
202 605
202 659
202 807
202 975
203 208
203 454
203 486
203 558
203 704
203 903
203 950
204 221
204 724
204 743
205 251
205 350
205 578
205 607
205 688
205 787
205 814
205 869
205 961
206 291
206 508
206 596
206 668
206 776
206 852
207 419
207 478
207 587
207 613
208 295
208 346
208 454
208 486
208 704
208 903
209 435
209 752
209 769
209 782
210 595
210 949
211 297
211 318
211 368
211 401
211 487
211 544
211 998
212 278
212 373
212 555
212 642
212 648
212 707
212 829
212 922
213 393
213 550
213 575
213 733
213 793
213 802
214 223
214 415
214 601
214 661
214 921
214 934
215 244
215 680
215 682
215 690
215 712
215 713
215 816
216 280
216 345
216 446
216 584
216 794
216 826
216 906
217 326
217 343
217 426
217 473
217 626
217 907
218 233
218 290
218 403
218 463
218 684
218 746
218 979
219 464
219 497
219 586
219 621
219 687
219 901
219 991
220 240
220 288
220 301
220 311
220 447
220 728
220 736
220 859
220 908
220 935
221 462
221 662
221 698
221 778
222 292
222 325
222 339
222 632
222 997
223 415
223 451
223 509
223 522
223 670
223 934
224 461
224 476
224 481
224 537
224 568
224 652
224 691
224 881
224 899
225 379
225 429
225 937
225 965
226 249
226 523
226 535
226 610
226 623
226 674
226 731
226 929
227 440
227 443
227 501
227 521
227 980
228 302
228 442
228 742
228 909
228 990
229 317
229 524
229 924
230 520
230 645
231 384
231 498
231 654
231 675
231 733
231 793
231 805
232 427
232 532
232 590
232 691
232 874
232 899
233 255
233 290
233 403
233 630
233 684
233 740
233 761
233 943
234 258
234 277
234 416
234 781
234 795
234 839
234 913
235 362
235 686
236 438
236 538
236 717
236 755
236 818
236 835
237 477
237 543
237 608
237 672
237 855
237 880
237 882
237 988
238 651
238 821
239 333
239 353
239 505
239 540
239 594
239 721
239 759
240 432
240 447
240 585
240 736
240 852
240 859
241 459
241 608
241 855
242 279
242 343
242 473
242 556
242 715
242 809
242 907
243 263
243 304
243 315
243 338
243 340
243 638
243 828
243 952
244 489
244 682
244 713
245 252
245 345
245 420
245 546
245 633
245 942
245 966
246 274
246 468
246 532
246 598
246 606
246 611
246 974
247 260
247 398
247 493
247 640
247 773
247 989
248 324
248 385
248 445
248 489
248 680
248 713
248 832
248 893
248 983
249 499
249 523
249 535
249 610
249 623
249 858
249 890
249 929
250 305
250 321
250 365
250 551
250 708
250 837
250 900
250 980
250 992
251 350
251 400
251 578
251 607
251 609
251 814
251 961
252 366
252 511
252 660
252 734
253 463
253 536
253 656
253 979
254 320
254 366
254 511
254 636
254 660
254 849
254 897
254 960
255 349
255 578
255 684
255 688
255 740
255 787
255 926
255 948
256 267
256 423
256 470
256 572
256 658
256 862
256 939
257 493
257 640
257 757
257 773
258 372
258 416
258 564
258 785
258 795
259 616
259 632
259 653
259 663
259 672
259 765
259 988
260 398
260 403
260 512
260 746
260 803
260 989
261 394
261 498
261 500
261 550
261 569
261 591
261 654
261 747
261 923
262 566
262 622
262 876
263 304
263 338
263 340
263 796
264 353
264 505
264 554
265 308
265 313
265 451
265 670
265 762
265 778
265 889
265 944
265 945
266 411
266 479
266 614
266 687
266 711
266 760
267 387
267 423
267 717
267 804
268 285
268 368
268 398
268 487
268 544
268 989
269 399
269 549
269 600
269 627
269 725
269 764
270 307
270 370
270 474
270 482
270 673
270 737
270 801
270 863
270 947
271 380
271 601
271 714
271 791
271 985
272 301
272 386
272 639
272 728
272 790
272 908
272 951
273 383
273 459
273 518
273 672
273 709
273 880
273 993
274 468
274 598
274 607
274 611
274 814
275 309
275 472
275 629
275 720
275 741
276 305
276 387
276 558
276 619
276 696
276 804
276 950
276 992
277 342
277 412
277 416
277 492
277 557
277 781
277 839
278 436
278 583
278 667
278 707
278 829
279 355
279 666
279 703
279 715
279 809
279 879
280 446
280 582
280 584
280 645
280 794
281 340
281 363
281 422
281 439
281 845
281 895
282 563
282 831
282 972
283 326
283 488
283 514
283 867
283 907
284 348
284 364
284 564
284 613
284 699
284 785
284 843
284 962
285 299
285 303
285 368
285 450
285 507
285 891
286 418
286 799
287 348
287 381
287 406
287 699
287 770
287 849
287 902
288 413
288 552
288 637
288 728
289 629
289 655
289 720
289 872
290 403
290 630
290 684
290 761
290 943
291 585
291 627
291 764
291 776
292 325
292 357
292 763
292 997
293 360
293 618
293 650
293 977
294 390
294 452
294 557
294 819
294 896
294 910
295 317
295 346
295 371
295 679
295 727
296 315
296 358
296 420
296 546
296 638
296 751
296 797
296 844
296 942
297 487
297 510
297 544
297 998
298 381
298 441
298 705
298 873
298 883
298 902
298 906
298 969
298 999
299 318
299 368
299 450
299 507
299 936
300 564
300 699
300 823
300 962
300 969
300 999
301 311
301 386
301 728
301 790
301 908
301 951
302 448
302 547
302 697
302 742
302 930
303 352
303 398
303 507
303 640
303 773
303 891
304 315
304 638
304 796
304 820
304 952
305 619
305 634
305 696
305 708
305 841
305 900
305 950
305 992
306 331
306 389
306 777
306 963
307 356
307 370
307 474
307 475
307 604
307 721
307 947
308 602
308 762
308 850
308 889
308 944
308 945
309 612
310 449
310 812
310 847
310 981
310 996
311 581
311 736
311 790
311 908
311 935
312 351
312 395
312 409
312 915
312 938
313 451
313 522
313 631
313 635
313 889
313 944
313 957
314 494
314 504
314 559
314 745
314 813
314 885
314 984
315 520
315 638
315 783
315 797
315 820
315 844
316 383
316 517
316 518
316 748
316 940
316 993
317 334
317 346
317 664
317 727
317 959
318 368
318 450
318 487
318 936
319 382
319 506
319 571
319 635
319 647
319 671
319 745
319 786
319 813
319 957
320 381
320 406
320 441
320 511
320 660
320 849
320 902
320 960
321 365
321 469
321 551
321 708
321 723
321 980
321 992
322 385
322 399
322 603
322 832
322 878
322 893
322 983
323 681
323 738
323 749
323 767
324 329
324 603
324 680
324 690
324 729
324 816
324 832
324 893
325 339
325 414
325 517
325 748
325 994
325 997
326 426
326 488
326 867
326 907
327 352
327 757
327 861
327 995
328 336
328 422
328 828
328 845
328 952
329 378
329 603
329 690
329 729
330 407
330 528
330 531
330 637
330 834
330 852
331 963
331 995
332 458
332 467
332 542
332 561
332 788
332 851
332 887
332 931
333 370
333 482
333 540
333 721
333 759
333 801
333 838
333 990
334 356
334 388
334 664
334 959
335 374
335 629
335 872
336 546
336 565
336 828
336 970
337 344
337 382
337 503
337 506
337 641
337 671
337 693
337 786
337 808
337 836
338 340
338 796
339 414
339 632
339 748
339 765
339 997
340 422
340 828
340 952
341 369
341 485
341 532
341 590
341 606
341 659
341 974
342 412
342 492
342 541
342 557
342 781
342 839
342 910
343 473
343 556
343 626
343 907
344 491
344 502
344 503
344 506
344 641
344 693
344 808
344 836
345 358
345 446
345 633
345 794
345 826
345 966
346 727
346 903
347 428
347 626
347 819
347 839
347 894
347 913
348 406
348 613
348 699
348 770
349 461
349 643
349 716
349 740
349 869
349 948
350 400
350 402
350 519
350 578
350 609
350 961
351 595
351 915
351 938
352 669
352 757
352 773
352 861
352 891
352 927
353 386
353 505
353 594
353 759
354 457
354 479
354 495
354 577
354 614
354 706
354 768
354 975
354 976
355 448
355 666
355 715
355 739
355 884
356 388
356 604
356 664
356 959
357 411
357 614
357 706
357 719
357 763
358 446
358 645
358 751
358 794
358 966
359 467
359 513
359 701
359 775
359 784
359 789
359 931
360 618
360 650
360 892
360 898
360 977
361 499
361 535
361 623
361 777
361 963
362 375
362 622
362 686
363 439
363 644
363 683
363 845
363 895
364 372
364 478
364 613
364 785
364 843
364 875
364 986
365 390
365 551
365 708
365 723
365 837
365 900
365 980
366 511
366 636
366 734
366 971
367 431
367 570
367 579
367 756
367 866
367 888
368 450
368 487
368 544
369 485
369 532
369 590
369 694
369 874
369 974
370 482
370 673
370 721
370 801
370 947
371 376
371 679
371 812
371 996
372 416
372 785
372 795
372 875
373 459
373 642
373 707
373 709
374 460
374 612
375 622
375 925
375 967
376 393
376 575
376 825
376 840
376 842
376 981
377 414
377 517
377 620
377 695
377 800
377 833
377 994
378 430
378 665
378 690
378 729
378 780
378 816
379 429
379 462
379 509
379 534
379 937
379 965
380 529
380 791
380 985
381 441
381 873
381 883
381 902
381 999
382 494
382 506
382 571
382 641
382 671
382 745
382 786
382 808
382 813
383 518
383 583
383 707
383 709
383 748
383 993
384 498
384 569
384 597
384 654
384 805
384 917
385 445
385 489
385 600
385 680
385 832
385 893
385 983
386 594
386 728
387 423
387 558
387 696
387 704
387 804
388 589
388 646
388 664
388 911
389 499
389 777
389 824
389 858
389 963
390 703
390 723
390 809
390 837
390 879
391 445
391 490
391 600
391 725
391 792
391 886
391 955
393 575
393 793
393 802
393 825
393 842
394 433
394 470
394 498
394 550
394 766
394 802
394 862
394 923
394 939
395 409
395 915
395 919
395 936
395 938
396 491
396 559
396 641
396 657
396 779
396 836
396 928
396 984
397 427
397 483
397 567
397 590
397 864
397 874
398 512
398 544
398 773
398 989
399 549
399 685
399 764
399 983
400 519
400 543
400 609
400 726
400 730
401 998
402 519
402 578
402 961
403 684
403 746
403 761
404 545
404 689
404 857
404 954
405 811
405 972
406 419
406 465
406 770
406 849
406 902
406 960
407 528
407 552
407 637
407 852
407 859
408 455
408 711
408 719
408 810
408 871
408 991
409 539
409 595
409 827
409 915
409 919
409 936
409 938
410 436
410 458
410 561
410 583
410 620
410 667
410 833
410 940
411 479
411 614
411 711
411 763
412 492
412 557
412 819
412 839
412 910
413 531
413 552
413 637
413 909
414 517
414 695
414 833
414 994
414 997
415 522
415 571
415 635
415 671
415 921
415 934
416 781
416 785
416 795
416 839
417 502
417 812
417 825
417 840
417 847
417 981
418 767
419 613
419 649
419 770
420 546
420 942
420 966
421 466
421 576
421 606
421 659
421 807
422 828
422 845
422 952
423 658
423 704
423 939
424 454
424 575
424 580
424 658
424 679
424 802
425 426
425 480
425 515
425 527
425 744
425 953
425 982
426 527
426 700
426 982
427 567
428 626
428 700
428 894
428 913
429 529
429 791
429 985
430 665
430 780
431 570
431 678
431 722
431 756
431 851
431 866
431 887
432 447
432 585
432 627
432 736
432 806
432 935
432 958
433 470
433 550
433 580
433 802
433 862
433 923
433 939
434 502
434 661
434 758
434 847
434 853
434 905
434 964
435 692
435 702
435 769
435 846
435 918
435 987
436 561
436 583
436 667
436 829
436 940
437 453
437 806
437 958
438 538
438 717
438 755
438 772
438 818
438 976
439 686
439 895
440 521
440 750
440 835
440 865
441 511
441 633
441 660
441 873
441 883
441 902
442 540
442 909
442 990
443 501
443 521
443 896
444 476
444 481
444 560
444 643
444 716
444 754
444 824
444 890
444 914
445 489
445 490
445 600
445 713
445 886
446 584
446 645
446 794
447 585
447 736
447 859
447 935
447 958
448 547
448 697
448 739
448 884
448 941
449 524
449 553
449 676
449 868
449 964
450 507
450 599
450 669
450 798
450 936
451 522
451 534
451 670
451 762
451 778
451 889
451 944
452 556
452 557
452 819
453 725
453 792
453 806
453 955
453 958
454 580
454 658
454 679
454 704
454 903
455 497
455 570
455 678
455 810
455 871
455 901
455 991
456 463
456 510
456 512
456 656
456 746
456 803
457 495
457 496
457 577
457 768
457 772
457 818
457 830
457 848
457 976
458 561
458 620
458 851
459 518
459 707
459 709
459 855
460 612
461 476
461 568
461 643
461 652
461 869
461 948
462 534
462 662
462 778
462 937
462 965
463 536
463 656
463 684
463 746
463 979
464 586
464 597
464 621
464 901
464 917
465 636
465 649
465 770
465 849
465 897
465 960
466 706
467 542
467 775
467 788
467 931
467 973
468 568
468 652
468 688
468 814
468 869
469 551
469 696
469 992
470 572
470 766
470 862
470 939
471 665
471 712
471 815
472 629
472 701
472 702
472 720
472 741
472 752
473 556
473 715
473 867
473 907
474 604
474 753
474 771
474 947
475 505
475 589
475 646
475 721
476 481
476 537
476 568
476 643
476 691
476 716
476 881
477 653
477 672
477 726
477 880
477 882
477 988
478 587
478 613
478 843
478 986
479 495
479 614
479 760
479 830
480 514
480 515
480 582
480 933
480 953
480 982
481 537
481 716
481 881
481 914
482 540
482 673
482 801
482 838
483 521
483 567
483 865
484 587
484 674
484 929
484 986
485 516
485 590
485 605
485 694
485 864
485 874
485 974
486 558
486 753
486 771
486 903
486 950
487 544
488 697
488 739
488 867
488 907
489 490
489 680
489 713
489 886
490 600
490 792
490 886
491 641
491 836
491 840
491 928
492 541
492 557
492 910
493 630
493 640
493 710
493 761
494 504
494 559
494 641
494 745
494 808
494 885
494 984
495 496
495 614
495 760
495 830
495 848
495 976
496 500
496 572
496 766
496 772
496 830
496 848
496 976
497 621
497 901
497 991
498 550
498 569
498 591
498 654
498 733
498 923
499 535
499 754
499 777
499 824
499 858
499 890
499 963
500 591
500 747
500 766
500 830
500 848
500 862
501 521
501 896
501 980
502 693
502 758
502 836
502 840
502 847
502 981
503 506
503 661
503 671
503 693
503 758
503 921
504 559
504 774
504 877
504 885
504 984
505 646
505 721
505 759
506 571
506 641
506 671
506 786
506 808
507 599
507 669
507 891
507 927
508 549
508 596
508 685
508 776
509 529
509 670
509 934
509 937
510 512
510 803
511 660
511 849
511 960
512 544
512 746
512 803
512 989
513 775
513 789
513 973
513 978
514 933
514 953
514 982
515 530
515 582
515 584
515 744
515 953
515 982
516 605
516 694
516 916
517 695
517 748
517 833
517 940
518 707
518 709
518 993
519 730
520 751
520 783
520 797
520 844
521 865
522 571
522 635
522 670
522 944
523 610
523 674
523 731
523 892
524 868
524 924
525 555
525 829
525 846
526 732
526 781
526 977
527 700
527 744
527 823
527 894
528 668
528 852
529 601
529 791
529 985
530 705
530 744
530 873
530 906
530 999
531 552
531 592
531 637
531 742
531 834
531 909
532 590
532 899
532 974
533 657
533 675
533 774
533 779
533 805
533 854
533 877
533 984
534 670
534 778
534 937
535 623
535 777
535 929
536 578
536 684
536 926
536 979
537 618
537 691
537 881
537 899
538 818
538 835
538 916
539 595
539 827
539 915
539 919
539 938
539 968
540 594
540 759
540 838
540 990
542 579
542 788
542 851
542 887
542 888
543 608
543 730
543 882
544 989
545 574
545 821
545 857
545 954
546 638
546 942
546 952
547 838
547 884
547 941
548 563
548 615
548 624
548 831
549 685
549 764
549 776
550 654
550 733
550 802
550 923
551 696
551 992
552 637
552 852
552 859
553 676
553 714
553 853
553 905
553 964
554 639
554 912
555 642
555 648
555 922
556 809
557 819
557 839
557 910
558 619
558 696
558 804
558 950
559 641
559 779
559 808
559 877
559 885
559 984
560 610
560 754
560 858
560 890
560 898
560 914
561 667
561 822
561 829
561 846
561 931
562 796
562 870
562 876
563 615
563 624
563 677
563 831
564 699
564 785
564 843
564 962
565 593
565 734
565 970
565 971
566 876
567 750
567 864
567 865
568 652
568 691
568 869
568 899
569 586
569 591
569 654
569 917
569 923
570 678
570 718
570 722
570 756
570 866
570 871
571 635
571 671
571 786
571 957
572 717
572 766
572 772
572 862
573 588
573 681
573 749
573 946
574 689
574 821
574 857
574 954
575 580
575 679
575 802
575 842
576 598
576 606
576 616
576 659
576 663
577 605
577 768
577 807
577 818
577 916
577 975
577 976
578 688
578 787
578 926
578 961
579 887
579 888
579 973
580 658
580 679
580 802
580 939
581 790
581 935
581 958
582 584
582 625
582 953
583 707
583 940
584 906
585 627
586 591
586 597
586 687
587 986
588 617
588 681
588 946
588 967
589 646
589 911
590 864
590 874
590 974
591 747
591 923
592 742
592 834
592 930
593 956
593 970
594 759
594 990
595 827
595 915
595 938
595 968
596 668
596 776
597 621
597 805
597 917
598 606
598 611
598 814
599 669
599 798
600 725
600 983
601 661
601 714
601 791
601 905
601 921
602 762
602 850
602 889
602 945
603 680
603 690
603 832
603 878
603 893
604 771
604 947
604 959
605 768
605 807
605 818
605 916
605 975
606 659
606 974
607 609
607 611
607 814
608 855
609 726
609 814
609 961
610 890
610 892
610 898
611 653
611 663
611 814
613 699
613 770
613 843
614 706
614 763
615 624
615 743
616 632
616 653
616 663
617 681
617 738
617 925
617 946
617 967
618 650
618 881
618 898
619 634
619 696
619 753
619 841
619 863
619 900
619 950
619 992
620 695
620 800
620 833
620 851
621 901
622 686
623 929
624 743
625 735
625 933
626 894
627 725
627 764
627 806
628 702
628 741
628 752
628 782
629 720
629 872
630 710
630 761
630 856
630 943
631 647
631 957
632 765
633 660
633 826
633 883
633 966
634 753
634 817
634 841
634 863
634 900
634 950
635 671
635 786
635 944
635 957
636 897
636 960
637 852
637 859
637 909
638 797
638 844
638 942
638 952
639 912
639 951
640 773
641 693
641 808
641 836
642 648
642 707
642 709
642 922
643 716
643 740
643 856
643 943
644 683
644 845
644 895
644 956
645 751
645 794
645 844
646 911
647 813
647 957
648 922
649 770
649 897
650 881
650 892
650 898
650 977
652 691
652 869
653 663
653 726
654 733
654 923
655 872
656 979
657 675
657 774
657 779
657 928
657 984
658 704
658 939
659 807
659 974
660 826
660 883
661 693
661 758
661 905
661 921
662 965
664 959
665 712
665 780
665 815
666 715
666 884
666 941
667 822
667 829
667 846
668 852
669 798
669 891
669 927
670 778
670 934
670 937
670 944
671 786
671 921
672 765
672 880
672 988
672 993
673 737
673 801
673 863
673 947
674 731
674 929
675 774
675 805
675 854
675 917
676 868
677 698
678 722
678 851
678 866
678 871
680 690
680 713
680 816
680 832
681 738
681 749
681 946
681 967
682 712
682 816
683 895
684 740
684 926
684 979
685 776
687 901
688 787
688 814
688 869
688 926
688 948
688 961
689 815
689 857
689 954
690 729
690 816
691 899
692 701
692 702
692 784
692 846
692 918
692 987
693 758
693 836
694 750
694 864
694 874
694 916
695 800
695 833
695 940
695 994
696 804
696 950
696 992
697 739
697 742
697 930
699 843
699 962
700 823
700 894
701 720
701 784
701 789
701 918
702 720
702 741
702 752
702 782
703 809
703 837
703 879
705 744
705 873
705 906
705 969
705 999
706 763
706 768
706 807
706 975
707 709
708 817
708 837
708 841
708 879
708 900
708 992
711 719
711 810
711 991
712 816
714 853
714 905
715 809
716 754
716 856
716 914
717 755
718 756
718 866
719 810
719 994
720 741
722 800
722 851
722 887
723 837
723 896
723 980
724 743
724 850
724 945
725 806
725 955
726 882
726 988
727 924
728 908
729 780
731 732
731 892
732 781
732 875
733 793
733 802
733 923
736 859
736 908
736 935
737 801
737 841
737 863
737 941
738 749
738 767
739 884
740 787
740 926
740 948
741 752
741 782
742 909
742 930
743 850
744 823
744 999
745 813
745 885
746 803
747 760
747 830
748 765
748 993
749 767
750 835
750 864
750 865
750 874
751 797
751 844
752 782
753 771
753 863
753 950
754 824
754 858
754 890
754 914
756 866
757 861
757 995
758 853
758 905
758 921
759 990
760 830
761 943
762 778
762 850
762 889
762 944
762 945
763 975
764 776
765 988
765 993
766 862
768 807
768 818
768 975
768 976
769 782
771 903
772 818
772 848
772 976
773 891
774 779
774 854
774 877
774 984
775 788
775 973
777 963
779 877
779 885
779 984
781 839
783 797
783 820
783 844
784 789
784 822
784 918
784 931
784 987
785 795
785 843
785 875
786 808
786 813
787 869
787 926
787 948
787 961
788 887
788 888
788 931
789 978
790 908
790 951
791 985
792 886
792 955
793 842
793 928
794 826
794 966
795 839
795 913
796 820
797 820
797 844
798 932
800 833
800 851
800 871
800 994
801 838
803 989
805 854
805 917
806 955
806 958
807 975
809 879
810 871
810 991
811 972
812 825
812 847
812 981
812 996
815 954
817 837
817 841
817 863
817 879
817 900
818 916
818 976
819 839
819 910
821 857
821 954
822 829
822 846
822 918
822 931
822 987
823 894
823 962
823 969
823 999
824 856
824 858
824 890
824 914
825 840
825 842
825 847
825 981
825 996
826 873
826 883
826 966
827 915
827 919
827 968
828 952
829 846
830 848
831 972
832 878
832 893
833 940
836 840
837 879
837 900
838 941
838 990
840 842
840 847
840 981
841 863
841 900
842 928
843 986
845 895
845 956
846 918
846 931
846 987
847 964
847 981
848 976
849 902
849 960
850 945
851 887
851 888
852 859
853 905
853 964
854 917
856 943
857 954
858 890
858 914
861 927
861 995
862 939
864 865
864 874
867 907
869 948
870 876
871 991
873 883
873 906
873 999
875 986
877 885
877 984
878 893
879 900
880 882
880 988
880 993
881 898
882 988
884 941
885 984
887 888
889 944
890 914
891 927
892 898
893 983
894 913
896 980
897 960
900 992
901 991
902 960
903 959
904 920
904 949
905 964
906 999
908 935
915 938
915 968
918 931
918 987
919 932
920 949
921 934
925 967
926 948
926 961
935 958
942 966
944 957
946 967
953 982
956 970
962 969
969 999
988 993
994 997
